9.5868e-06
1.53126e-05
2.42244e-05
3.7953e-05
5.88942e-05
9.0486e-05
0.000137718
0.00020754
0.000309906
0.000457956
0.00067086
0.00097281
0.0013977
0.001989
0.00280332
0.0039132
0.0054126
0.0074124
0.0100602
0.0135225
0.0180063
0.0237555
0.0310338
0.040176
0.051516
0.065484
0.082413
0.102762
0.126954
0.155376
0.188424
0.226368
0.269298
0.317862
0.37107
0.42948
0.49275
0.55953
0.62991
0.70218
0.77562
0.84906
0.92043
0.98883
1.05201
1.10925
1.15812
1.19799
1.22778
1.24623
1.25316
1.24821
1.23156
1.20366
1.16505
1.11717
1.06083
0.99801
0.92952
0.85779
0.78381
0.7092
0.63603
0.56448
0.49626
0.432126
0.372438
0.318078
0.268803
0.225135
0.186642
0.153225
0.124578
0.100287
0.079929
0.0631035
0.0493029
0.0381447
0.0292329
0.022185
0.0166635
0.0123903
0.009126
0.0066528
0.0048033
0.0034335
0.0024291
0.00170217
0.00118062
0.000810648
0.000551313
0.000371061
0.000247356
0.000163179
0.000106613
6.89535e-05
4.41504e-05
2.79837e-05
2.5569e-05
2.09961e-05
1.53126e-05
2.4444e-05
3.86388e-05
6.05052e-05
9.3798e-05
0.000144
0.000218988
0.000329832
0.000491886
0.00072666
0.00106326
0.0015408
0.00221229
0.00314352
0.00442908
0.0061758
0.0085374
0.011682
0.0158418
0.0212769
0.0282996
0.0373122
0.048717
0.063036
0.080775
0.102555
0.12897
0.160704
0.19845
0.242712
0.294264
0.35307
0.4203
0.49509
0.57807
0.66888
0.76653
0.87039
0.97938
1.09179
1.20573
1.31859
1.42965
1.53504
1.63395
1.72206
1.79739
1.85949
1.90584
1.93419
1.94535
1.93752
1.91205
1.86858
1.80891
1.73511
1.64844
1.54998
1.44459
1.33299
1.21887
1.10358
0.98946
0.8784
0.77247
0.67293
0.58041
0.49554
0.419382
0.351144
0.291285
0.239202
0.194526
0.156645
0.12492
0.098649
0.077121
0.0597141
0.0457722
0.0347292
0.0260937
0.0194229
0.0143091
0.0104355
0.00753849
0.00538767
0.00381519
0.00267345
0.00185607
0.00127476
0.000867213
0.000584001
0.000389349
0.00025704
0.000167967
0.00010867
6.96123e-05
4.41486e-05
4.05108e-05
3.38877e-05
2.42244e-05
3.86388e-05
6.1047e-05
9.549e-05
0.000147915
0.000226926
0.000344916
0.000518796
0.00077337
0.00114156
0.0016686
0.00241722
0.00346392
0.0049239
0.0069255
0.0096561
0.0133272
0.0182304
0.0246978
0.033129
0.044055
0.058023
0.07569
0.097848
0.125271
0.158895
0.199755
0.24876
0.3069
0.37512
0.45423
0.54504
0.64809
0.76311
0.89082
1.02978
1.18008
1.33938
1.50633
1.67841
1.85337
2.02743
2.19654
2.3589
2.50749
2.6424
2.76021
2.85516
2.92437
2.97
2.98521
2.97522
2.93463
2.86992
2.77866
2.66391
2.53089
2.38311
2.22093
2.05074
1.87488
1.69749
1.52253
1.35234
1.18998
1.03635
0.89433
0.7641
0.64665
0.54171
0.449505
0.369405
0.300501
0.242181
0.193167
0.152559
0.119349
0.092457
0.070884
0.053829
0.0404811
0.0301194
0.0222057
0.0162063
0.0117045
0.0083754
0.00592956
0.00415953
0.00288612
0.00198477
0.00135027
0.000909738
0.000606843
0.000400635
0.000262008
0.000169542
0.000108644
6.89265e-05
6.35427e-05
5.4171e-05
3.7953e-05
6.05052e-05
9.549e-05
0.000149238
0.000231039
0.000354222
0.000537606
0.00080847
0.00120393
0.00177525
0.00259362
0.00375066
0.0053766
0.0076293
0.010728
0.0149346
0.0206028
0.0281502
0.0380844
0.051102
0.067851
0.08928
0.116397
0.150327
0.192303
0.243792
0.306252
0.38088
0.4698
0.57339
0.69426
0.83232
0.98883
1.16397
1.35801
1.5687
1.79667
2.03805
2.29131
2.55204
2.81664
3.0798
3.3372
3.5802
3.8088
4.0158
4.1904
4.3317
4.4415
4.5054
4.5342
4.5135
4.4577
4.3569
4.2192
4.0491
3.8475
3.6198
3.37617
3.11715
2.85057
2.583
2.31759
2.05911
1.81224
1.57923
1.36386
1.16541
0.98658
0.82692
0.6867
0.56421
0.459531
0.370305
0.295605
0.233613
0.18279
0.14166
0.108657
0.082566
0.0620892
0.0462474
0.0340911
0.0248913
0.0179946
0.0128763
0.009126
0.00639963
0.00444681
0.00305667
0.00208107
0.00140265
0.000936063
0.000618453
0.000404361
0.000261918
0.000167868
0.000106546
9.86499e-05
8.5779e-05
5.88942e-05
9.3798e-05
0.000147915
0.000231039
0.000357552
0.0005472
0.00083052
0.00124731
0.00185562
0.00273492
0.00399096
0.0057681
0.0082557
0.0117108
0.0164421
0.022887
0.0315234
0.043029
0.058203
0.077967
0.103428
0.13599
0.17712
0.228384
0.292248
0.36999
0.46413
0.57717
0.71082
0.86778
1.04949
1.25703
1.49283
1.75599
2.04588
2.36484
2.70576
3.069
3.447
3.8367
4.2345
4.6278
5.013
5.3802
5.7213
6.0246
6.2901
6.5061
6.6636
6.7689
6.804
6.7815
6.6906
6.543
6.3387
6.0795
5.7798
5.4432
5.076
4.6863
4.2894
3.8862
3.48858
3.10239
2.73051
2.38185
2.05515
1.75806
1.48923
1.24875
1.03725
0.85311
0.69462
0.56016
0.447354
0.353763
0.277011
0.214614
0.164826
0.12528
0.094266
0.070245
0.0518247
0.0378531
0.0273726
0.0196074
0.0138924
0.0097533
0.00677538
0.00466209
0.00317619
0.00214119
0.00142947
0.00094464
0.000618336
0.000400401
0.000256896
0.000163071
0.000151614
0.000134523
9.0486e-05
0.000144
0.000226926
0.000354222
0.0005472
0.00083772
0.00126972
0.00190539
0.00283284
0.00417042
0.0060777
0.0087795
0.0125586
0.0177876
0.024966
0.0346896
0.047754
0.065133
0.087993
0.117738
0.15615
0.20502
0.266652
0.34407
0.43929
0.55557
0.69669
0.86526
1.06506
1.29843
1.56879
1.87902
2.22966
2.62026
3.0546
3.5217
4.0311
4.5657
5.13
5.7096
6.2946
6.8805
7.4466
7.9902
8.4933
8.9469
9.3375
9.6552
9.8946
10.0413
10.0989
10.062
9.936
9.7155
9.4104
9.0342
8.5887
8.0883
7.5438
6.9741
6.3819
5.7861
5.1966
4.6179
4.0707
3.54798
3.06855
2.62467
2.22354
1.86588
1.54971
1.27521
1.03941
0.83853
0.67023
0.5301
0.415206
0.322317
0.247365
0.188082
0.141705
0.105597
0.077931
0.0569628
0.0412191
0.0295182
0.0209466
0.0147051
0.0102231
0.00703746
0.00479322
0.00323424
0.00216117
0.00142857
0.00093528
0.000606159
0.000388719
0.000247014
0.000230652
0.000208962
0.000137718
0.000218988
0.000344916
0.000537606
0.00083052
0.00126972
0.00192222
0.0028836
0.00428112
0.0062973
0.0091737
0.0132345
0.0189054
0.026766
0.0374958
0.052092
0.071622
0.097596
0.131706
0.176103
0.233064
0.305946
0.3978
0.51192
0.65331
0.82602
1.03437
1.28394
1.5786
1.92348
2.32362
2.7774
3.2922
3.8673
4.5009
5.1948
5.9346
6.7257
7.5474
8.3952
9.2538
10.1061
10.9422
11.7315
12.4695
13.1346
13.7061
14.1732
14.5134
14.7348
14.8239
14.769
14.5791
14.2641
13.8222
13.2714
12.6162
11.8836
11.0961
10.2528
9.3888
8.5167
7.6482
6.8076
5.9967
5.2362
4.5243
3.8718
3.28356
2.75688
2.29347
1.88766
1.53846
1.24236
0.99297
0.78597
0.61614
0.477963
0.367479
0.279639
0.210501
0.15714
0.116028
0.084852
0.0614034
0.0440271
0.0312327
0.0219501
0.015264
0.0105129
0.00716886
0.00483876
0.00323217
0.00213921
0.00140067
0.000908163
0.000583173
0.000370485
0.000347391
0.000321534
0.00020754
0.000329832
0.000518796
0.00080847
0.00124731
0.00190539
0.0028836
0.00431694
0.0064089
0.0094167
0.0137025
0.019755
0.0282006
0.039852
0.055809
0.077409
0.106371
0.144747
0.195156
0.260406
0.34497
0.45189
0.58662
0.75474
0.96192
1.21473
1.51992
1.88352
2.31516
2.8179
3.3975
4.0608
4.8114
5.6466
6.5691
7.569
8.6481
9.7893
10.9827
12.2058
13.4505
14.6826
15.8814
17.0433
18.1035
19.0485
19.8801
20.5524
21.0699
21.384
21.5037
21.4335
21.1707
20.6955
20.061
19.2564
18.3303
17.2818
16.1163
14.9085
13.6611
12.3912
11.1411
9.9153
8.7435
7.6338
6.6024
5.6556
4.7979
4.0293
3.35178
2.76138
2.25306
1.81962
1.45584
1.15299
0.90423
0.70236
0.54009
0.411003
0.31005
0.231237
0.170901
0.125046
0.090585
0.064953
0.0461223
0.0324225
0.0225711
0.015552
0.0106056
0.00716067
0.00478854
0.00316818
0.00207711
0.00134721
0.000865098
0.000550071
0.000517761
0.000490023
0.000309906
0.000491886
0.00077337
0.00120393
0.00185562
0.00283284
0.00428112
0.0064089
0.0095004
0.0139446
0.0202752
0.0291906
0.041607
0.058779
0.082233
0.113931
0.156303
0.21258
0.28611
0.38187
0.50454
0.66042
0.85662
1.1007
1.40184
1.76778
2.20914
2.7369
3.3588
4.0824
4.9203
5.877
6.9534
8.1531
9.4761
10.9134
12.4569
14.0904
15.7986
17.5599
19.3302
21.096
22.833
24.444
25.965
27.351
28.521
29.493
30.195
30.654
30.834
30.744
30.339
29.709
28.8
27.666
26.325
24.7995
23.1876
21.4506
19.6479
17.8434
16.0416
14.2839
12.6018
11.0115
9.5292
8.1675
6.9318
5.8266
4.851
3.9978
3.26322
2.6388
2.11131
1.67328
1.31373
1.02051
0.78516
0.59823
0.451125
0.337005
0.249165
0.18243
0.132156
0.094878
0.06741
0.0474138
0.033003
0.0227556
0.0155394
0.0104958
0.00702126
0.00465102
0.00304857
0.00197829
0.00127125
0.000808713
0.000764172
0.00073971
0.000457956
0.00072666
0.00114156
0.00177525
0.00273492
0.00417042
0.0062973
0.0094167
0.0139446
0.0204588
0.0296874
0.042714
0.06084
0.085851
0.119934
0.166014
0.227592
0.30897
0.41562
0.55377
0.7308
0.95571
1.23822
1.58877
2.02014
2.54646
3.1797
3.9312
4.8204
5.8536
7.0488
8.406
9.9387
11.6424
13.5198
15.5556
17.7516
20.0556
22.473
24.939
27.468
29.943
32.364
34.686
36.855
38.772
40.437
41.787
42.831
43.452
43.74
43.569
43.056
42.129
40.86
39.249
37.368
35.244
32.922
30.456
27.954
25.3728
22.833
20.3544
17.9712
15.7023
13.6017
11.6622
9.9072
8.3313
6.9417
5.7249
4.6773
3.78243
3.03084
2.4039
1.88658
1.46727
1.13004
0.86139
0.65007
0.48591
0.359541
0.263304
0.191052
0.137178
0.097479
0.068625
0.0478062
0.0329814
0.022518
0.0152316
0.0101925
0.00675306
0.00442953
0.00287757
0.00184977
0.00117684
0.00111627
0.00110592
0.00067086
0.00106326
0.0016686
0.00259362
0.00399096
0.0060777
0.0091737
0.0137025
0.0202752
0.0296874
0.043074
0.061911
0.088083
0.12411
0.17316
0.239526
0.32778
0.44478
0.59742
0.79497
1.04805
1.3689
1.77138
2.27034
2.8845
3.6279
4.5234
5.5899
6.8445
8.3043
9.9855
11.8944
14.0481
16.4484
19.0728
21.942
24.984
28.224
31.608
35.073
38.556
42.057
45.432
48.663
51.642
54.333
56.664
58.563
59.967
60.894
61.236
61.065
60.318
59.058
57.294
55.062
52.425
49.482
46.251
42.849
39.285
35.712
32.157
28.674
25.3089
22.1598
19.1988
16.4763
14.0004
11.7837
9.8253
8.1108
6.6294
5.3667
4.302
3.41262
2.68407
2.08908
1.60893
1.22724
0.92709
0.69336
0.51318
0.376398
0.27306
0.196155
0.139545
0.098307
0.068535
0.0473022
0.0323262
0.0218619
0.0146448
0.0097083
0.00637398
0.00413991
0.00266292
0.00169659
0.00161397
0.001638
0.00097281
0.0015408
0.00241722
0.00375066
0.0057681
0.0087795
0.0132345
0.019755
0.0291906
0.042714
0.061911
0.088866
0.126261
0.177732
0.247716
0.34227
0.46782
0.63369
0.85023
1.13004
1.48734
1.94022
2.5074
3.2094
4.0716
5.1183
6.3711
7.8642
9.6156
11.6505
13.9923
16.6608
19.656
22.959
26.613
30.564
34.812
39.276
43.929
48.69
53.55
58.302
62.991
67.41
71.568
75.249
78.462
81.045
83.07
84.321
84.852
84.582
83.583
81.792
79.389
76.32
72.738
68.634
64.215
59.463
54.621
49.662
44.739
39.924
35.307
30.897
26.7885
23.0049
19.5831
16.497
13.7547
11.3634
9.297
7.5321
6.0408
4.8006
3.7755
2.93841
2.2662
1.73052
1.3077
0.97902
0.72531
0.53226
0.386433
0.277983
0.197838
0.139392
0.097263
0.067185
0.0459378
0.0310995
0.0208431
0.0138231
0.0090783
0.00590103
0.00379899
0.00241893
0.00231102
0.00240282
0.0013977
0.00221229
0.00346392
0.0053766
0.0082557
0.0125586
0.0189054
0.0282006
0.041607
0.06084
0.088083
0.126261
0.179154
0.25209
0.35091
0.48384
0.66078
0.89388
1.19799
1.58994
2.09178
2.7234
3.5136
4.4928
5.6898
7.1397
8.8821
10.9458
13.3641
16.1694
19.4022
23.049
27.153
31.725
36.729
42.129
47.907
54
60.363
66.879
73.44
79.965
86.319
92.331
97.902
102.996
107.361
110.907
113.508
115.245
115.929
115.632
114.264
111.987
108.729
104.589
99.612
94.122
88.11
81.684
75.033
68.274
61.56
54.972
48.627
42.606
36.99
31.797
27.0531
22.8006
19.0503
15.75
12.897
10.4571
8.397
6.6735
5.2524
4.095
3.16044
2.41497
1.82745
1.368
1.01448
0.74475
0.54117
0.38952
0.277497
0.195696
0.136575
0.094419
0.064602
0.0437643
0.0293391
0.0194832
0.0127998
0.0083286
0.00536076
0.00341919
0.0032733
0.00349146
0.001989
0.00314352
0.0049239
0.0076293
0.0117108
0.0177876
0.026766
0.039852
0.058779
0.085851
0.12411
0.177732
0.25209
0.35406
0.49194
0.6777
0.92448
1.24893
1.67022
2.21598
2.9079
3.7818
4.8753
6.2217
7.8705
9.864
12.2427
15.0624
18.3798
22.212
26.586
31.572
37.152
43.317
50.058
57.375
65.187
73.413
81.999
90.711
99.594
108.342
116.757
125.019
132.516
139.23
145.08
149.85
153.54
155.79
156.78
156.33
154.71
151.425
147.033
141.534
135.018
127.629
119.367
110.844
101.898
92.754
83.736
74.817
66.231
58.086
50.454
43.398
36.99
31.23
26.0829
21.5928
17.6976
14.3559
11.5353
9.1827
7.2369
5.6439
4.3596
3.33369
2.52351
1.89225
1.40382
1.03176
0.75042
0.54054
0.3852
0.271989
0.190053
0.131436
0.089964
0.060993
0.0409239
0.0271782
0.0178794
0.0116325
0.0074988
0.00478125
0.0045936
0.00502461
0.00280332
0.00442908
0.0069255
0.010728
0.0164421
0.024966
0.0374958
0.055809
0.082233
0.119934
0.17316
0.247716
0.35091
0.49194
0.68346
0.93996
1.28061
1.72782
2.30868
3.0555
4.0041
5.2029
6.6915
8.5311
10.7676
13.4802
16.713
20.538
24.993
30.15
36.081
42.732
50.229
58.491
67.536
77.328
87.669
98.649
109.926
121.716
133.38
144.9
156.42
167.04
176.94
185.85
193.68
200.16
204.66
207.99
209.07
208.8
206.37
202.32
196.47
189.27
180.63
170.64
160.2
148.563
136.665
124.668
112.428
100.674
89.172
78.345
68.094
58.626
50.013
42.219
35.352
29.268
24.003
19.5219
15.696
12.5001
9.8532
7.6986
5.949
4.5558
3.45159
2.58975
1.92447
1.41498
1.02996
0.74214
0.52965
0.374013
0.26145
0.180936
0.12402
0.084141
0.0564894
0.0375579
0.0246996
0.0160974
0.0103761
0.00662409
0.00637632
0.00716418
0.0039132
0.0061758
0.0096561
0.0149346
0.022887
0.0346896
0.052092
0.077409
0.113931
0.166014
0.239526
0.34227
0.48384
0.6777
0.93996
1.29114
1.75608
2.36646
3.1563
4.1715
5.4603
7.0812
9.0972
11.574
14.5926
18.2286
22.572
27.648
33.651
40.527
48.366
57.258
67.149
78.075
89.991
102.789
116.622
130.86
146.07
161.01
176.49
191.79
206.19
220.59
233.37
245.25
255.51
263.52
269.82
274.05
275.76
275.13
272.16
266.85
259.38
250.11
238.5
225.9
211.68
196.74
181.35
165.195
149.571
133.821
118.746
104.247
90.774
78.273
66.825
56.538
47.34
39.24
32.256
26.2098
21.1095
16.8264
13.293
10.3869
8.0388
6.1587
4.6701
3.50928
2.60829
1.91925
1.39914
1.00908
0.72045
0.5094
0.356418
0.24705
0.169434
0.11493
0.077238
0.0513648
0.0338409
0.0220509
0.0142299
0.0090837
0.0087687
0.0101142
0.0054126
0.0085374
0.0133272
0.0206028
0.0315234
0.047754
0.071622
0.106371
0.156303
0.227592
0.32778
0.46782
0.66078
0.92448
1.28061
1.75608
2.38356
3.2103
4.2732
5.6394
7.3719
9.5427
12.231
15.5466
19.557
24.417
30.123
36.918
44.775
53.847
64.17
75.807
88.74
103.086
118.584
135.45
153.09
171.81
190.98
210.87
230.67
250.29
269.28
287.55
304.02
319.32
332.28
343.08
351.36
356.49
358.92
358.02
354.51
347.85
337.95
325.98
311.31
295.02
276.93
257.58
237.24
216.9
196.02
175.86
156.132
137.421
119.799
103.329
88.299
74.781
62.694
52.074
42.786
34.866
28.08
22.4388
17.7201
13.8636
10.7415
8.2386
6.2568
4.7043
3.49848
2.57949
1.88001
1.35756
0.97056
0.68679
0.48096
0.333441
0.228663
0.155457
0.104544
0.069597
0.0458487
0.0298989
0.0193059
0.0123417
0.0119286
0.0141498
0.0074124
0.011682
0.0182304
0.0281502
0.043029
0.065133
0.097596
0.144747
0.21258
0.30897
0.44478
0.63369
0.89388
1.24893
1.72782
2.36646
3.2103
4.3092
5.7321
7.5519
9.8505
12.7314
16.2918
20.673
25.956
32.31
39.852
48.69
58.977
70.758
84.177
99.234
116.082
134.55
154.35
176.13
198.54
222.84
247.32
272.43
297.81
322.65
346.86
369.72
391.23
410.31
426.96
440.55
450.9
457.92
460.8
460.17
455.49
446.85
434.97
419.67
401.4
380.34
357.39
332.82
307.08
280.8
254.34
228.51
202.86
178.92
155.961
134.901
115.47
97.794
82.125
68.274
56.205
45.819
36.99
29.556
23.3739
18.3276
14.2083
10.9098
8.2926
6.2415
4.6503
3.42828
2.50497
1.81035
1.2942
0.91656
0.64242
0.44577
0.306315
0.208233
0.140148
0.093339
0.061551
0.0401778
0.025956
0.0166023
0.0160713
0.0196011
0.0100602
0.0158418
0.0246978
0.0380844
0.058203
0.087993
0.131706
0.195156
0.28611
0.41562
0.59742
0.85023
1.19799
1.67022
2.30868
3.1563
4.2732
5.7321
7.6122
10.0089
13.0374
16.8156
21.492
27.189
34.101
42.363
52.128
63.576
76.842
92.034
109.206
128.61
150.03
173.16
198.9
225.9
254.97
285.12
315.81
347.94
379.26
410.67
441
469.89
496.44
520.38
541.35
558.18
571.32
580.32
584.01
583.47
577.44
567
552.6
533.34
510.39
484.56
455.58
424.8
392.13
359.37
325.8
292.77
260.91
229.86
200.97
173.88
149.103
126.558
106.398
88.587
73.017
59.607
48.159
38.538
30.546
23.9463
18.5976
14.2956
10.8819
8.1972
6.1128
4.5135
3.29859
2.38491
1.70847
1.21068
0.84987
0.59031
0.405765
0.276066
0.185895
0.124029
0.081828
0.0534492
0.0345627
0.0221067
0.0214326
0.0269028
0.0135225
0.0212769
0.033129
0.051102
0.077967
0.117738
0.176103
0.260406
0.38187
0.55377
0.79497
1.13004
1.58994
2.21598
3.0555
4.1715
5.6394
7.5519
10.0089
13.1382
17.0784
22.005
28.044
35.442
44.316
54.945
67.482
82.161
99.018
118.278
140.22
164.7
191.34
221.04
252.9
286.92
322.92
360.09
399.06
438.12
477.27
515.97
553.5
588.87
621.63
651.42
676.8
697.95
713.79
723.87
730.08
728.1
722.25
710.19
692.1
668.97
640.98
609.03
573.39
535.14
495.18
453.78
412.38
370.98
330.93
292.32
255.78
221.85
190.26
161.919
136.287
113.544
93.807
76.707
62.037
49.725
39.438
30.987
24.0912
18.5481
14.1228
10.656
7.956
5.8815
4.302
3.11589
2.23407
1.58562
1.11294
0.77373
0.53235
0.362583
0.244557
0.162972
0.10773
0.070416
0.045567
0.0291978
0.0282915
0.0365661
0.0180063
0.0282996
0.044055
0.067851
0.103428
0.15615
0.233064
0.34497
0.50454
0.7308
1.04805
1.48734
2.09178
2.9079
4.0041
5.4603
7.3719
9.8505
13.0374
17.0784
22.176
28.476
36.252
45.702
57.042
70.578
86.481
104.886
126.144
150.66
177.93
208.17
241.92
278.55
317.79
359.91
403.83
450
496.98
544.86
592.2
639.63
684.36
727.11
767.34
802.26
834.3
860.4
879.3
894.6
898.2
900
891.9
876.33
854.64
826.65
793.44
754.2
711.63
665.73
616.23
566.28
514.98
464.67
414.81
367.2
321.93
279.36
240.39
204.66
172.467
144.216
119.124
97.47
79.101
63.486
50.427
39.663
30.888
23.7852
18.1638
13.7133
10.2519
7.5852
5.5566
4.0284
2.89044
2.05254
1.44387
1.0044
0.69174
0.47169
0.318105
0.212661
0.140454
0.091899
0.059508
0.0381204
0.0369747
0.0492327
0.0237555
0.0373122
0.058023
0.08928
0.13599
0.20502
0.305946
0.45189
0.66042
0.95571
1.3689
1.94022
2.7234
3.7818
5.2029
7.0812
9.5427
12.7314
16.8156
22.005
28.476
36.54
46.377
58.338
72.666
89.712
109.476
132.84
159.39
189.36
223.11
260.64
301.95
346.59
394.38
445.59
498.96
554.67
611.19
667.62
725.58
779.94
834.3
886.5
932.4
975.6
1013.4
1044
1068.3
1082.7
1092.6
1091.7
1083.6
1065.6
1040.4
1008.9
967.5
922.32
871.47
815.13
757.53
696.33
635.67
574.29
513.54
455.49
399.87
347.85
299.79
255.69
216.09
180.72
149.733
122.967
99.639
80.145
63.765
50.238
39.159
30.249
23.1003
17.4708
13.0752
9.6903
7.1064
5.1561
3.7062
2.63421
1.85364
1.29105
0.89037
0.6075
0.410283
0.274203
0.18135
0.118818
0.076977
0.0493641
0.0478557
0.0656604
0.0310338
0.048717
0.07569
0.116397
0.17712
0.266652
0.3978
0.58662
0.85662
1.23822
1.77138
2.5074
3.5136
4.8753
6.6915
9.0972
12.231
16.2918
21.492
28.044
36.252
46.377
58.77
73.755
91.638
112.698
137.61
166.05
198.72
235.71
276.93
322.74
372.33
426.51
484.11
545.31
608.13
673.56
740.16
810
875.7
942.3
1005.3
1064.7
1120.5
1169.1
1213.2
1248.3
1276.2
1296
1305.9
1306.8
1296.9
1277.1
1250.1
1212.3
1167.3
1113.3
1053
990
918.63
847.35
773.28
699.39
627.66
558.45
491.22
428.4
369.45
316.08
267.57
224.19
186.12
152.784
124.398
100.098
79.785
62.973
49.185
38.016
29.088
22.0239
16.5159
12.2472
8.991
6.5385
4.7016
3.3471
2.35791
1.64484
1.13481
0.77499
0.52398
0.350406
0.232173
0.151992
0.098631
0.063333
0.0612855
0.086724
0.040176
0.063036
0.097848
0.150327
0.228384
0.34407
0.51192
0.75474
1.1007
1.58877
2.27034
3.2094
4.4928
6.2217
8.5311
11.574
15.5466
20.673
27.189
35.442
45.702
58.338
73.755
92.322
114.426
140.67
170.82
205.65
245.34
290.34
339.84
394.65
454.32
518.22
586.17
657.36
732.96
809.1
886.5
965.7
1041.3
1116
1188.9
1258.2
1319.4
1377
1426.5
1469.7
1501.2
1523.7
1536.3
1537.2
1528.2
1508.4
1475.1
1433.7
1381.5
1321.2
1252.8
1178.1
1098
1015.2
928.53
844.2
758.97
674.46
595.62
520.47
450.54
386.1
327.42
275.13
228.6
188.37
153.513
123.921
98.874
78.129
61.128
47.331
36.27
27.522
20.6388
15.3414
11.2851
8.2053
5.9103
4.2102
2.97162
2.0736
1.43172
0.97947
0.66249
0.44388
0.293931
0.192951
0.125181
0.080433
0.077715
0.11349
0.051516
0.080775
0.125271
0.192303
0.292248
0.43929
0.65331
0.96192
1.40184
2.02014
2.8845
4.0716
5.6898
7.8705
10.7676
14.5926
19.557
25.956
34.101
44.316
57.042
72.666
91.638
114.426
141.48
173.16
209.79
252
300.06
353.16
412.47
477.27
547.11
622.98
701.1
785.7
870.3
956.7
1048.5
1133.1
1221.3
1305
1386.9
1461.6
1533.6
1596.6
1652.4
1698.3
1733.4
1763.1
1774.8
1780.2
1770.3
1747.8
1715.4
1670.4
1614.6
1544.4
1469.7
1385.1
1296
1197.9
1103.4
1003.5
902.25
807.84
714.33
625.77
542.34
465.84
396.36
333.45
278.1
229.5
187.29
151.353
121.14
95.913
75.213
58.311
44.757
33.984
25.56
19.0251
13.9896
10.1997
7.3548
5.2488
3.708
2.5893
1.79235
1.22616
0.83043
0.55665
0.369234
0.242469
0.157527
0.10125
0.097587
0.147051
0.065484
0.102555
0.158895
0.243792
0.36999
0.55557
0.82602
1.21473
1.76778
2.54646
3.6279
5.1183
7.1397
9.864
13.4802
18.2286
24.417
32.31
42.363
54.945
70.578
89.712
112.698
140.67
173.16
211.5
255.42
305.91
362.25
425.61
495
570.96
651.78
737.1
828
922.5
1019.7
1117.8
1214.1
1313.1
1409.4
1500.3
1588.5
1672.2
1747.8
1816.2
1876.5
1928.7
1969.2
1998.9
2016
2022.3
2014.2
1993.5
1959.3
1911.6
1850.4
1779.3
1696.5
1603.8
1503.9
1397.7
1287
1174.5
1062.9
952.2
843.39
740.97
645.66
556.47
473.94
400.32
334.17
276.57
226.26
183.51
147.024
116.685
91.512
71.181
54.711
41.625
31.356
23.3478
17.2323
12.5685
9.0711
6.4827
4.5801
3.20643
2.21958
1.52028
1.03104
0.69165
0.45936
0.301707
0.196119
0.126225
0.121302
0.188784
0.082413
0.12897
0.199755
0.306252
0.46413
0.69669
1.03437
1.51992
2.20914
3.1797
4.5234
6.3711
8.8821
12.2427
16.713
22.572
30.123
39.852
52.128
67.482
86.481
109.476
137.61
170.82
209.79
255.42
307.62
367.02
433.53
507.06
587.34
673.56
765.9
864.9
968.4
1071
1178.1
1284.3
1391.4
1498.5
1596.6
1697.4
1789.2
1875.6
1955.7
2028.6
2091.6
2147.4
2190.6
2223.9
2245.5
2254.5
2248.2
2230.2
2196.9
2149.2
2088
2014.2
1925.1
1829.7
1719
1604.7
1484.1
1358.1
1233.9
1107.9
987.3
870.93
758.34
654.57
560.52
474.66
397.62
329.67
270.36
219.6
176.4
140.193
110.484
85.869
66.195
50.463
38.052
28.404
20.961
15.327
11.079
7.9254
5.6106
3.9303
2.72322
1.86894
1.26792
0.85167
0.56574
0.372231
0.242199
0.156042
0.149292
0.240003
0.102762
0.160704
0.24876
0.38088
0.57717
0.86526
1.28394
1.88352
2.7369
3.9312
5.5899
7.8642
10.9458
15.0624
20.538
27.648
36.918
48.69
63.576
82.161
104.886
132.84
166.05
205.65
252
305.91
367.02
436.32
513
597.96
689.4
788.4
892.8
999.9
1111.5
1225.8
1341
1455.3
1567.8
1675.8
1780.2
1881.9
1975.5
2062.8
2142.9
2216.7
2276.1
2337.3
2384.1
2418.3
2441.7
2456.1
2457
2442.6
2409.3
2368.8
2310.3
2238.3
2148.3
2047.5
1935
1812.6
1683
1548.9
1411.2
1272.6
1137.6
1006.2
881.55
765.36
656.19
556.56
467.64
388.98
319.95
260.55
209.61
167.22
131.67
102.816
79.371
60.588
45.774
34.2
25.326
18.4986
13.4046
9.603
6.8076
4.7745
3.3138
2.27394
1.54548
1.03851
0.69111
0.45495
0.296415
0.19089
0.181872
0.302247
0.126954
0.19845
0.3069
0.4698
0.71082
1.06506
1.5786
2.31516
3.3588
4.8204
6.8445
9.6156
13.3641
18.3798
24.993
33.651
44.775
58.977
76.842
99.018
126.144
159.39
198.72
245.34
300.06
362.25
433.53
513
600.66
697.86
800.1
910.8
1025.1
1143
1262.7
1386
1504.8
1621.8
1736.1
1845
1948.5
2044.8
2136.6
2218.5
2294.1
2360.7
2432.7
2478.6
2527.2
2565
2600.1
2612.7
2618.1
2610.9
2599.2
2551.5
2503.8
2438.1
2352.6
2252.7
2142
2016
1881
1739.7
1592.1
1443.6
1295.1
1152
1012.5
880.83
757.53
646.29
544.14
453.78
374.58
305.46
246.87
197.19
155.727
121.851
94.104
72.027
54.54
40.86
30.24
22.1769
16.0839
11.5335
8.1837
5.7465
3.9924
2.74518
1.86759
1.25649
0.83637
0.55116
0.359145
0.231867
0.219519
0.376992
0.155376
0.242712
0.37512
0.57339
0.86778
1.29843
1.92348
2.8179
4.0824
5.8536
8.3043
11.6505
16.1694
22.212
30.15
40.527
53.847
70.758
92.034
118.278
150.66
189.36
235.71
290.34
353.16
425.61
507.06
597.96
697.86
802.8
918.9
1039.5
1161.9
1287.9
1416.6
1540.8
1661.4
1778.4
1888.2
1992.6
2085.3
2176.2
2249.1
2318.4
2390.4
2467.8
2502
2556
2601
2637
2664
2691
2709
2732.4
2706.3
2698.2
2653.2
2589.3
2518.2
2434.5
2325.6
2203.2
2068.2
1924.2
1770.3
1612.8
1456.2
1298.7
1146.6
1001.7
866.43
739.8
626.85
524.79
433.8
355.32
287.46
230.31
182.52
142.839
110.826
84.906
64.377
48.276
35.829
26.316
19.0908
13.7214
9.7479
6.8553
4.7682
3.2805
2.2338
1.50498
1.00287
0.6615
0.43173
0.278568
0.262089
0.465714
0.188424
0.294264
0.45423
0.69426
1.04949
1.56879
2.32362
3.3975
4.9203
7.0488
9.9855
13.9923
19.4022
26.586
36.081
48.366
64.17
84.177
109.206
140.22
177.93
223.11
276.93
339.84
412.47
495
587.34
689.4
800.1
918.9
1045.8
1171.8
1305
1437.3
1564.2
1688.4
1808.1
1915.2
2016.9
2106.9
2183.4
2251.8
2311.2
2385
2421
2448
2502
2529
2592
2619
2682
2691
2727
2736
2754
2745
2730.6
2715.3
2648.7
2567.7
2475.9
2367
2238.3
2093.4
1940.4
1779.3
1612.8
1448.1
1287
1126.8
980.1
841.95
713.7
598.68
497.7
408.6
331.83
266.31
211.41
166.14
129.123
99.108
75.267
56.601
42.075
30.906
22.4991
16.1757
11.5164
8.1054
5.6448
3.8889
2.65176
1.78686
1.19295
0.78714
0.51399
0.332262
0.310122
0.569952
0.226368
0.35307
0.54504
0.83232
1.25703
1.87902
2.7774
4.0608
5.877
8.406
11.8944
16.6608
23.049
31.572
42.732
57.258
75.807
99.234
128.61
164.7
208.17
260.64
322.74
394.65
477.27
570.96
673.56
788.4
910.8
1039.5
1171.8
1310.4
1445.4
1577.7
1705.5
1824.3
1929.6
2027.7
2105.1
2161.8
2230.2
2277
2313
2313
2340
2385
2394
2412
2457
2484
2529
2565
2619
2664
2700
2736
2736
2718
2708.1
2661.3
2588.4
2479.5
2373.3
2243.7
2091.6
1933.2
1764.9
1593
1421.1
1255.5
1094.4
945
804.33
678.69
565.47
465.57
379.26
305.19
243.18
191.43
148.86
114.723
87.363
65.727
48.924
36.054
26.235
18.9099
13.4757
9.4968
6.6231
4.5666
3.1176
2.10393
1.40436
0.92817
0.6066
0.3924
0.36315
0.69057
0.269298
0.4203
0.64809
0.98883
1.49283
2.22966
3.2922
4.8114
6.9534
9.9387
14.0481
19.656
27.153
37.152
50.229
67.149
88.74
116.082
150.03
191.34
241.92
301.95
372.33
454.32
547.11
651.78
765.9
892.8
1025.1
1161.9
1305
1445.4
1582.2
1713.6
1833.3
1935
2026.8
2089.8
2147.4
2196
2196
2196
2178
2178
2178
2142
2142
2151
2169
2196
2250
2304
2367
2448
2520
2565
2628
2673
2673
2655
2617.2
2576.7
2476.8
2347.2
2222.1
2067.3
1903.5
1730.7
1555.2
1378.8
1210.5
1049.4
897.3
760.59
635.13
525.42
429.12
346.77
276.75
218.34
170.55
131.481
100.323
75.672
56.448
41.634
30.366
21.9285
15.6312
11.0367
7.704
5.3208
3.6333
2.45511
1.64133
1.08558
0.71001
0.45963
0.421146
0.829188
0.317862
0.49509
0.76311
1.16397
1.75599
2.62026
3.8673
5.6466
8.1531
11.6424
16.4484
22.959
31.725
43.317
58.491
78.075
103.086
134.55
173.16
221.04
278.55
346.59
426.51
518.22
622.98
737.1
864.9
999.9
1143
1287.9
1437.3
1577.7
1713.6
1836
1937.7
2030.4
2084.4
2133
2142
2106
2088
2052
1980
1926
1827
1791
1755
1728
1737
1746
1809
1872
1980
2088
2178
2304
2394
2493
2556
2601
2610
2565
2509.2
2448
2322
2183.4
2024.1
1855.8
1680.3
1499.4
1324.8
1152
992.7
842.4
707.94
587.52
482.13
390.15
312.48
247.32
193.32
149.58
114.165
86.391
64.575
47.682
34.848
25.173
17.9856
12.7071
8.8857
6.1416
4.1976
2.84058
1.90089
1.25685
0.82359
0.53343
0.48357
0.98568
0.37107
0.57807
0.89082
1.35801
2.04588
3.0546
4.5009
6.5691
9.4761
13.5198
19.0728
26.613
36.729
50.058
67.536
89.991
118.584
154.35
198.9
252.9
317.79
394.38
484.11
586.17
701.1
828
968.4
1111.5
1262.7
1416.6
1564.2
1705.5
1833.3
1937.7
2025
2079
2106
2079
2052
1989
1908
1746
1647
1503
1395
1287
1197
1125
1116
1125
1188
1278
1404
1539
1710
1881
2061
2178
2331
2403
2502
2520
2511
2452.5
2371.5
2264.4
2124.9
1963.8
1792.8
1613.7
1431.9
1254.6
1086.3
926.1
783.45
651.33
534.78
435.24
349.65
277.29
217.35
168.48
129.312
97.686
73.098
54.153
39.645
28.665
20.5209
14.5242
10.1538
7.0299
4.8123
3.2607
2.18025
1.44666
0.94698
0.61389
0.55026
1.16055
0.42948
0.66888
1.02978
1.5687
2.36484
3.5217
5.1948
7.569
10.9134
15.5556
21.942
30.564
42.129
57.375
77.328
102.789
135.45
176.13
225.9
286.92
359.91
445.59
545.31
657.36
785.7
922.5
1071
1225.8
1386
1540.8
1688.4
1824.3
1935
2030.4
2079
2088
2079
1998
1926
1755
1575
1395
1179
972
765
585
423
351
288
288
360
468
612
828
1044
1287
1521
1764
1971
2160
2295
2367
2448
2430
2398.5
2309.4
2192.4
2058.3
1890
1715.4
1534.5
1352.7
1178.1
1010.7
855.9
714.06
591.93
481.95
387.99
308.7
242.73
188.55
144.54
109.773
82.458
60.993
44.712
32.4
23.22
16.434
11.5263
7.9821
5.4684
3.7035
2.48535
1.64583
1.07982
0.70074
0.61938
1.35342
0.49275
0.76653
1.18008
1.79667
2.70576
4.0311
5.9346
8.6481
12.4569
17.7516
24.984
34.812
47.907
65.187
87.669
116.622
153.09
198.54
254.97
322.92
403.83
498.96
608.13
732.96
870.3
1019.7
1178.1
1341
1504.8
1661.4
1808.1
1929.6
2026.8
2084.4
2106
2079
1980
1872
1665
1440
1188
891
576
261
-9
-270
-477
-639
-720
-720
-675
-522
-333
-90
234
540
864
1188
1503
1764
1989
2178
2277
2358
2349
2329.2
2248.2
2112.3
1973.7
1805.4
1629
1445.4
1264.5
1090.8
928.8
780.93
646.38
528.39
427.14
340.74
268.38
208.98
160.92
122.121
91.692
68.202
50.04
36.315
26.037
18.4806
12.9546
8.9847
6.1632
4.1814
2.80278
1.86129
1.22139
0.79272
0.69102
1.56339
0.55953
0.87039
1.33938
2.03805
3.069
4.5657
6.7257
9.7893
14.0904
20.0556
28.224
39.276
54
73.413
98.649
130.86
171.81
222.84
285.12
360.09
450
554.67
673.56
809.1
956.7
1117.8
1284.3
1455.3
1621.8
1778.4
1915.2
2027.7
2089.8
2133
2079
1998
1872
1638
1368
1044
675
270
-153
-567
-945
-1305
-1602
-1782
-1908
-1962
-1872
-1719
-1485
-1143
-783
-387
54
495
909
1269
1602
1872
2070
2205
2286
2295
2231.1
2162.7
2037.6
1882.8
1710
1530
1347.3
1169.1
999.9
844.2
699.21
575.55
466.92
373.14
294.93
230.04
177.3
135.135
101.754
75.474
55.53
40.356
28.98
20.5848
14.4468
10.0296
6.8877
4.6737
3.141
2.08404
1.36899
0.8892
0.76338
1.78821
0.62991
0.97938
1.50633
2.29131
3.447
5.13
7.5474
10.9827
15.7986
22.473
31.608
43.929
60.363
81.999
109.926
146.07
190.98
247.32
315.81
399.06
496.98
611.19
740.16
886.5
1048.5
1214.1
1391.4
1567.8
1736.1
1888.2
2016.9
2105.1
2147.4
2142
2052
1926
1665
1368
1008
540
63
-468
-1008
-1539
-2043
-2493
-2853
-3150
-3303
-3357
-3276
-3096
-2799
-2430
-1953
-1440
-891
-342
180
666
1125
1476
1791
2025
2142
2232
2239.2
2188.8
2074.5
1944
1783.8
1607.4
1425.6
1242.9
1069.2
903.6
756.63
623.07
505.17
405.72
321.21
251.46
193.86
148.05
111.411
83.25
61.191
44.505
32.013
22.752
15.9903
11.1177
7.6338
5.1885
3.4848
2.31561
1.52226
0.98937
0.83511
2.02608
0.70218
1.09179
1.67841
2.55204
3.8367
5.7096
8.3952
12.2058
17.5599
24.939
35.073
48.69
66.879
90.711
121.716
161.01
210.87
272.43
347.94
438.12
544.86
667.62
810
965.7
1133.1
1313.1
1498.5
1675.8
1845
1992.6
2106.9
2161.8
2196
2106
1989
1755
1440
1044
540
-9.7661e-11
-639
-1287
-1962
-2628
-3258
-3807
-4284
-4608
-4842
-4914
-4842
-4626
-4284
-3798
-3258
-2637
-1962
-1287
-639
-4.88903e-11
540
1053
1440
1746
1989
2115
2187
2155.5
2108.7
1989.9
1844.1
1676.7
1496.7
1312.2
1134.9
965.7
808.2
667.71
545.85
438.12
347.76
272.34
210.96
161.1
121.743
90.63
66.852
48.699
35.073
24.93
17.5608
12.1977
8.3952
5.7087
3.8367
2.55249
1.6776
1.09143
0.90486
2.27331
0.77562
1.20573
1.85337
2.81664
4.2345
6.2946
9.2538
13.4505
19.3302
27.468
38.556
53.55
73.44
99.594
133.38
176.49
230.67
297.81
379.26
477.27
592.2
725.58
875.7
1041.3
1221.3
1409.4
1596.6
1780.2
1948.5
2085.3
2183.4
2230.2
2196
2088
1908
1575
1188
675
63
-639
-1386
-2205
-2997
-3834
-4563
-5238
-5796
-6219
-6498
-6570
-6525
-6255
-5859
-5328
-4662
-3933
-3132
-2340
-1521
-783
-72
531
1053
1467
1791
1980
2115
2150.1
2112.3
2023.2
1897.2
1734.3
1559.7
1377.9
1194.3
1020.6
860.4
712.71
581.49
469.89
373.5
293.31
227.25
174.06
131.58
98.289
72.576
52.893
38.097
27.162
19.1106
13.3101
9.1575
6.2298
4.1922
2.78757
1.83591
1.19493
0.97137
2.52612
0.84906
1.31859
2.02743
3.0798
4.6278
6.8805
10.1061
14.6826
21.096
29.943
42.057
58.302
79.965
108.342
144.9
191.79
250.29
322.65
410.67
515.97
639.63
779.94
942.3
1116
1305
1500.3
1697.4
1881.9
2044.8
2176.2
2251.8
2277
2196
2052
1746
1395
891
270
-468
-1287
-2205
-3114
-4113
-5049
-5913
-6732
-7380
-7893
-8199
-8343
-8253
-7983
-7515
-6912
-6120
-5292
-4365
-3393
-2484
-1557
-756
-9
630
1152
1530
1845
1989
2106
2110.5
2047.5
1935.9
1790.1
1620
1437.3
1254.6
1074.6
908.1
753.12
619.02
499.95
398.52
313.56
243.54
186.66
141.3
105.813
77.994
56.97
41.13
29.286
20.6595
14.3874
9.8982
6.7473
4.5396
3.024
1.99143
1.29528
1.03284
2.77983
0.92043
1.42965
2.19654
3.3372
5.013
7.4466
10.9422
15.8814
22.833
32.364
45.432
62.991
86.319
116.757
156.42
206.19
269.28
346.86
441
553.5
684.36
834.3
1005.3
1188.9
1386.9
1588.5
1789.2
1975.5
2136.6
2249.1
2311.2
2313
2178
1980
1647
1179
576
-153
-1008
-1962
-2997
-4113
-5220
-6309
-7308
-8226
-9000
-9549
-9954
-10089
-10008
-9702
-9207
-8478
-7632
-6660
-5607
-4527
-3438
-2412
-1431
-558
180
801
1287
1656
1908
2052
2082.6
2061
1963.8
1833.3
1672.2
1492.2
1306.8
1124.1
954.9
794.7
653.22
528.84
422.55
333
258.93
198.72
150.75
112.572
83.466
60.948
44.001
31.392
22.149
15.4179
10.6452
7.2441
4.8798
3.2499
2.14047
1.39482
1.08783
3.02976
0.98883
1.53504
2.3589
3.5802
5.3802
7.9902
11.7315
17.0433
24.444
34.686
48.663
67.41
92.331
125.019
167.04
220.59
287.55
369.72
469.89
588.87
727.11
886.5
1064.7
1258.2
1461.6
1672.2
1875.6
2062.8
2218.5
2318.4
2385
2313
2178
1926
1503
972
261
-567
-1539
-2628
-3834
-5049
-6309
-7524
-8667
-9702
-10530
-11232
-11628
-11790
-11727
-11394
-10809
-10071
-9072
-8001
-6840
-5598
-4401
-3213
-2124
-1125
-270
459
1035
1494
1791
1980
2079
2055.6
1998.9
1875.6
1717.2
1540.8
1355.4
1172.7
996.3
832.5
684.99
557.19
445.32
351.09
273.6
210.15
159.57
119.79
88.551
64.692
46.764
33.363
23.544
16.4286
11.3202
7.7166
5.2029
3.4659
2.28411
1.48707
1.13544
3.26997
1.05201
1.63395
2.50749
3.8088
5.7213
8.4933
12.4695
18.1035
25.965
36.855
51.642
71.568
97.902
132.516
176.94
233.37
304.02
391.23
496.44
621.63
767.34
932.4
1120.5
1319.4
1533.6
1747.8
1955.7
2142.9
2294.1
2390.4
2421
2340
2178
1827
1395
765
-9
-945
-2043
-3258
-4563
-5913
-7308
-8667
-9918
-11061
-12033
-12726
-13203
-13437
-13329
-12987
-12357
-11484
-10458
-9270
-7956
-6606
-5274
-3960
-2745
-1647
-684
144
828
1314
1692
1908
2052
2069.1
2021.4
1905.3
1761.3
1586.7
1402.2
1214.1
1035.9
865.8
715.5
581.22
465.84
368.19
287.01
220.86
167.67
125.703
93.069
68.193
49.284
35.226
24.858
17.3538
11.9592
8.1594
5.4999
3.6648
2.41632
1.57491
1.17351
3.49533
1.10925
1.72206
2.6424
4.0158
6.0246
8.9469
13.1346
19.0485
27.351
38.772
54.333
75.249
102.996
139.23
185.85
245.25
319.32
410.31
520.38
651.42
802.26
975.6
1169.1
1377
1596.6
1816.2
2028.6
2216.7
2360.7
2467.8
2448
2385
2142
1791
1287
585
-270
-1305
-2493
-3807
-5238
-6732
-8226
-9702
-11061
-12312
-13302
-14121
-14643
-14841
-14778
-14373
-13716
-12825
-11664
-10395
-8982
-7542
-6066
-4662
-3330
-2115
-1044
-144
603
1170
1584
1890
2016
2084.4
2034.9
1951.2
1800
1628.1
1443.6
1252.8
1070.1
898.2
741.33
603.99
484.38
383.49
299.07
230.31
175.14
131.445
97.389
71.298
51.57
36.855
26.037
18.1647
12.5451
8.5527
5.7654
3.8475
2.53422
1.65384
1.20213
3.70017
1.15812
1.79739
2.76021
4.1904
6.2901
9.3375
13.7061
19.8801
28.521
40.437
56.664
78.462
107.361
145.08
193.68
255.51
332.28
426.96
541.35
676.8
834.3
1013.4
1213.2
1426.5
1652.4
1876.5
2091.6
2276.1
2432.7
2502
2502
2394
2142
1755
1197
423
-477
-1602
-2853
-4284
-5796
-7380
-9000
-10530
-12033
-13302
-14436
-15264
-15813
-16074
-15966
-15579
-14877
-13878
-12717
-11313
-9855
-8271
-6741
-5220
-3789
-2511
-1341
-396
432
1044
1521
1845
2007
2079
2074.5
1967.4
1836
1665
1478.7
1287
1102.5
925.2
765.9
624.69
501.66
396.63
309.69
238.86
181.53
136.35
101.106
74.061
53.568
38.304
27.063
18.8883
13.0329
8.8956
6.0012
4.0023
2.63889
1.72107
1.22004
3.87855
1.19799
1.85949
2.85516
4.3317
6.5061
9.6552
14.1732
20.5524
29.493
41.787
58.563
81.045
110.907
149.85
200.16
263.52
343.08
440.55
558.18
697.95
860.4
1044
1248.3
1469.7
1698.3
1928.7
2147.4
2337.3
2478.6
2556
2529
2412
2151
1728
1125
351
-639
-1782
-3150
-4608
-6219
-7893
-9549
-11232
-12726
-14121
-15264
-16164
-16731
-16992
-16902
-16488
-15741
-14751
-13473
-12060
-10476
-8883
-7227
-5634
-4158
-2763
-1584
-540
306
990
1476
1809
2007
2097
2078.1
2000.7
1869.3
1700.1
1512
1319.4
1128.6
949.5
786.6
641.16
515.07
407.79
318.78
245.61
186.84
140.31
104.22
76.266
55.215
39.465
27.9
19.4697
13.4586
9.1782
6.1929
4.1283
2.72484
1.77516
1.22679
4.0266
1.22778
1.90584
2.92437
4.4415
6.6636
9.8946
14.5134
21.0699
30.195
42.831
59.967
83.07
113.508
153.54
204.66
269.82
351.36
450.9
571.32
713.79
879.3
1068.3
1276.2
1501.2
1733.4
1969.2
2190.6
2384.1
2527.2
2601
2592
2457
2169
1737
1116
288
-720
-1908
-3303
-4842
-6498
-8199
-9954
-11628
-13203
-14643
-15813
-16731
-17334
-17604
-17505
-17082
-16326
-15282
-13977
-12519
-10908
-9225
-7551
-5904
-4374
-2952
-1701
-630
252
945
1458
1827
2034
2124
2124.9
2040.3
1901.7
1729.8
1539
1343.7
1149.3
968.4
802.8
654.84
525.15
416.7
325.8
250.92
191.07
143.64
106.299
78.012
56.466
40.41
28.53
19.9539
13.7619
9.3933
6.336
4.2282
2.78631
1.81953
1.22256
4.13937
1.24623
1.93419
2.97
4.5054
6.7689
10.0413
14.7348
21.384
30.654
43.452
60.894
84.321
115.245
155.79
207.99
274.05
356.49
457.92
580.32
723.87
894.6
1082.7
1296
1523.7
1763.1
1998.9
2223.9
2418.3
2565
2637
2619
2484
2196
1746
1125
288
-720
-1962
-3357
-4914
-6570
-8343
-10089
-11790
-13437
-14841
-16074
-16992
-17604
-17856
-17784
-17334
-16578
-15507
-14229
-12690
-11079
-9369
-7650
-6012
-4419
-2988
-1728
-666
261
954
1476
1836
2061
2151
2140.2
2065.5
1928.7
1755.9
1563.3
1363.5
1170
983.7
815.4
662.31
534.96
423.18
330.57
254.97
193.95
145.71
108.135
79.263
57.33
40.986
28.98
20.2338
13.9644
9.5355
6.4341
4.2894
2.8323
1.84509
1.20735
4.21407
1.25316
1.94535
2.98521
4.5342
6.804
10.0989
14.8239
21.5037
30.834
43.74
61.236
84.852
115.929
156.78
209.07
275.76
358.92
460.8
584.01
730.08
898.2
1092.6
1305.9
1536.3
1774.8
2016
2245.5
2441.7
2600.1
2664
2682
2529
2250
1809
1188
360
-675
-1872
-3276
-4842
-6525
-8253
-10008
-11727
-13329
-14778
-15966
-16902
-17505
-17784
-17676
-17253
-16479
-15417
-14103
-12618
-10962
-9279
-7578
-5904
-4347
-2916
-1656
-558
324
1017
1539
1899
2124
2187
2197.8
2097.9
1956.6
1776.6
1580.4
1378.8
1179
992.7
821.7
671.13
537.84
426.6
333.36
256.86
195.48
146.88
108.72
79.794
57.735
41.319
29.169
20.3877
14.0724
9.5976
6.4764
4.3209
2.84715
1.85904
1.18152
4.24836
1.24821
1.93752
2.97522
4.5135
6.7815
10.062
14.769
21.4335
30.744
43.569
61.065
84.582
115.632
156.33
208.8
275.13
358.02
460.17
583.47
728.1
900
1091.7
1306.8
1537.2
1780.2
2022.3
2254.5
2456.1
2612.7
2691
2691
2565
2304
1872
1278
468
-522
-1719
-3096
-4626
-6255
-7983
-9702
-11394
-12987
-14373
-15579
-16488
-17082
-17334
-17253
-16812
-16056
-15003
-13734
-12222
-10629
-8973
-7263
-5652
-4104
-2700
-1467
-423
459
1134
1629
1962
2169
2232
2212.2
2119.5
1976.4
1793.7
1593.9
1386.9
1187.1
997.2
826.2
671.31
540.36
427.41
333.72
257.22
195.48
146.79
108.945
79.803
57.717
41.247
29.151
20.3508
14.0544
9.585
6.4683
4.3101
2.8449
1.85319
1.14615
4.24125
1.23156
1.91205
2.93463
4.4577
6.6906
9.936
14.5791
21.1707
30.339
43.056
60.318
83.583
114.264
154.71
206.37
272.16
354.51
455.49
577.44
722.25
891.9
1083.6
1296.9
1528.2
1770.3
2014.2
2248.2
2457
2618.1
2709
2727
2619
2367
1980
1404
612
-333
-1485
-2799
-4284
-5859
-7515
-9207
-10809
-12357
-13716
-14877
-15741
-16326
-16578
-16479
-16056
-15318
-14292
-13041
-11592
-10062
-8406
-6804
-5220
-3735
-2394
-1197
-207
639
1269
1746
2070
2232
2286
2259.9
2148.3
1992.6
1802.7
1596.6
1388.7
1186.2
995.4
823.5
670.14
537.75
425.16
331.92
255.51
194.22
145.98
108.009
79.182
57.222
40.923
28.881
20.1789
13.9059
9.4941
6.4017
4.2696
2.81331
1.83573
1.10196
4.19265
1.20366
1.86858
2.86992
4.3569
6.543
9.7155
14.2641
20.6955
29.709
42.129
59.058
81.792
111.987
151.425
202.32
266.85
347.85
446.85
567
710.19
876.33
1065.6
1277.1
1508.4
1747.8
1993.5
2230.2
2442.6
2610.9
2732.4
2736
2664
2448
2088
1539
828
-90
-1143
-2430
-3798
-5328
-6912
-8478
-10071
-11484
-12825
-13878
-14751
-15282
-15507
-15417
-15003
-14292
-13338
-12087
-10764
-9234
-7722
-6156
-4653
-3267
-1953
-864
99
855
1467
1890
2169
2304
2349
2285.1
2177.1
2001.6
1805.4
1594.8
1384.2
1178.1
988.2
815.4
662.76
531
420.03
327.6
251.91
191.61
143.64
106.38
77.841
56.295
40.212
28.395
19.8117
13.6746
9.3213
6.2838
4.1886
2.76174
1.80036
1.05003
4.10463
1.16505
1.80891
2.77866
4.2192
6.3387
9.4104
13.8222
20.061
28.8
40.86
57.294
79.389
108.729
147.033
196.47
259.38
337.95
434.97
552.6
692.1
854.64
1040.4
1250.1
1475.1
1715.4
1959.3
2196.9
2409.3
2599.2
2706.3
2754
2700
2520
2178
1710
1044
234
-783
-1953
-3258
-4662
-6120
-7632
-9072
-10458
-11664
-12717
-13473
-13977
-14229
-14103
-13734
-13041
-12087
-10998
-9675
-8280
-6813
-5373
-3960
-2655
-1485
-441
423
1143
1665
2034
2268
2385
2385
2326.5
2171.7
2002.5
1798.2
1584
1369.8
1165.5
973.8
802.8
651.69
522
411.93
320.94
246.87
187.2
140.22
103.896
76.014
54.936
39.231
27.693
19.3113
13.3119
9.0765
6.1173
4.0752
2.68749
1.74987
0.99198
3.97863
1.11717
1.73511
2.66391
4.0491
6.0795
9.0342
13.2714
19.2564
27.666
39.249
55.062
76.32
104.589
141.534
189.27
250.11
325.98
419.67
533.34
668.97
826.65
1008.9
1212.3
1433.7
1670.4
1911.6
2149.2
2368.8
2551.5
2698.2
2745
2736
2565
2304
1881
1287
540
-387
-1440
-2637
-3933
-5292
-6660
-8001
-9270
-10395
-11313
-12060
-12519
-12690
-12618
-12222
-11592
-10764
-9675
-8478
-7191
-5841
-4500
-3222
-2025
-945
9
774
1413
1872
2178
2403
2439
2435.4
2331.9
2181.6
1990.8
1780.2
1564.2
1348.2
1143.9
954.9
784.53
637.29
508.77
401.04
312.03
239.67
181.8
136.305
100.809
73.602
53.163
37.926
26.766
18.6417
12.8601
8.7606
5.9022
3.9348
2.58912
1.68714
0.92907
3.81906
1.06083
1.64844
2.53089
3.8475
5.7798
8.5887
12.6162
18.3303
26.325
37.368
52.425
72.738
99.612
135.018
180.63
238.5
311.31
401.4
510.39
640.98
793.44
967.5
1167.3
1381.5
1614.6
1850.4
2088
2310.3
2503.8
2653.2
2730.6
2736
2628
2394
2061
1521
864
54
-891
-1962
-3132
-4365
-5607
-6840
-7956
-8982
-9855
-10476
-10908
-11079
-10962
-10629
-10062
-9234
-8280
-7191
-5994
-4779
-3573
-2412
-1314
-351
468
1143
1701
2070
2358
2475
2502
2465.1
2331
2168.1
1971
1754.1
1534.5
1316.7
1116.9
927.9
762.3
616.32
491.94
387.54
300.96
231.03
174.96
130.833
96.759
70.695
50.994
36.396
25.641
17.8668
12.3192
8.3862
5.6466
3.7602
2.47482
1.61361
0.8622
3.63015
0.99801
1.54998
2.38311
3.6198
5.4432
8.0883
11.8836
17.2818
24.7995
35.244
49.482
68.634
94.122
127.629
170.64
225.9
295.02
380.34
484.56
609.03
754.2
922.32
1113.3
1321.2
1544.4
1779.3
2014.2
2238.3
2438.1
2589.3
2715.3
2718
2673
2493
2178
1764
1188
495
-342
-1287
-2340
-3393
-4527
-5598
-6606
-7542
-8271
-8883
-9225
-9369
-9279
-8973
-8406
-7722
-6813
-5841
-4779
-3672
-2619
-1557
-630
216
927
1521
1962
2286
2466
2547
2574
2460.6
2329.2
2146.5
1936.8
1716.3
1494
1279.8
1079.1
895.5
733.59
593.01
472.41
371.25
288.27
220.77
167.04
125.1
92.151
67.302
48.555
34.587
24.363
16.9866
11.6757
7.9551
5.355
3.564
2.34711
1.52667
0.79362
3.41658
0.92952
1.44459
2.22093
3.37617
5.076
7.5438
11.0961
16.1163
23.1876
32.922
46.251
64.215
88.11
119.367
160.2
211.68
276.93
357.39
455.58
573.39
711.63
871.47
1053
1252.8
1469.7
1696.5
1925.1
2148.3
2352.6
2518.2
2648.7
2708.1
2673
2556
2331
1971
1503
909
180
-639
-1521
-2484
-3438
-4401
-5274
-6066
-6741
-7227
-7551
-7650
-7578
-7263
-6804
-6156
-5373
-4500
-3573
-2619
-1656
-783
45
765
1368
1863
2214
2448
2592
2628
2577.6
2456.1
2301.3
2102.4
1888.2
1665
1442.7
1232.1
1037.7
858.6
700.92
566.01
449.82
352.89
273.51
209.25
158.4
118.062
87.246
63.558
45.792
32.616
22.968
15.9759
10.9998
7.479
5.0337
3.3471
2.20347
1.43379
0.72405
3.18429
0.85779
1.33299
2.05074
3.11715
4.6863
6.9741
10.2528
14.9085
21.4506
30.456
42.849
59.463
81.684
110.844
148.563
196.74
257.58
332.82
424.8
535.14
665.73
815.13
990
1178.1
1385.1
1603.8
1829.7
2047.5
2252.7
2434.5
2567.7
2661.3
2655
2601
2403
2160
1764
1269
666
-4.88903e-11
-783
-1557
-2412
-3213
-3960
-4662
-5220
-5634
-5904
-6012
-5904
-5652
-5220
-4653
-3960
-3222
-2412
-1557
-783
-1.23572e-13
666
1278
1764
2151
2403
2610
2646
2655
2569.5
2431.8
2251.8
2048.4
1827.9
1602.9
1386.9
1178.1
988.2
815.22
666.72
535.14
424.62
332.73
257.67
196.83
148.59
110.763
81.657
59.472
42.849
30.447
21.4515
14.9004
10.2528
6.9732
4.6863
3.1176
2.04993
1.33263
0.65493
2.9385
0.78381
1.21887
1.87488
2.85057
4.2894
6.3819
9.3888
13.6611
19.6479
27.954
39.285
54.621
75.033
101.898
136.665
181.35
237.24
307.08
392.13
495.18
616.23
757.53
918.63
1098
1296
1503.9
1719
1935
2142
2325.6
2475.9
2588.4
2617.2
2610
2502
2295
1989
1602
1125
540
-72
-756
-1431
-2124
-2745
-3330
-3789
-4158
-4374
-4419
-4347
-4104
-3735
-3267
-2655
-2025
-1314
-630
45
666
1242
1710
2115
2394
2592
2700
2709
2672.1
2533.5
2381.4
2189.7
1974.6
1753.2
1532.7
1316.7
1115.1
935.1
769.41
624.42
501.84
397.53
311.22
240.12
183.33
138.15
103.149
75.861
55.197
39.69
28.233
19.8396
13.7961
9.4752
6.4404
4.3272
2.87487
1.89081
1.22886
0.58734
2.68515
0.7092
1.10358
1.69749
2.583
3.8862
5.7861
8.5167
12.3912
17.8434
25.3728
35.712
49.662
68.274
92.754
124.668
165.195
216.9
280.8
359.37
453.78
566.28
696.33
847.35
1015.2
1197.9
1397.7
1604.7
1812.6
2016
2203.2
2367
2479.5
2576.7
2565
2520
2367
2178
1872
1476
1053
531
-9
-558
-1125
-1647
-2115
-2511
-2763
-2952
-2988
-2916
-2700
-2394
-1953
-1485
-945
-351
216
765
1278
1710
2106
2376
2574
2727
2727
2718
2614.5
2489.4
2307.6
2104.2
1887.3
1667.7
1449
1241.1
1050.3
873
717.21
583.2
466.83
369.18
288
222.39
169.47
127.773
94.815
69.804
50.742
36.468
25.902
18.1998
12.6315
8.6787
5.8941
3.9582
2.62899
1.7271
1.12239
0.52227
2.42937
0.63603
0.98946
1.52253
2.31759
3.48858
5.1966
7.6482
11.1411
16.0416
22.833
32.157
44.739
61.56
83.736
112.428
149.571
196.02
254.34
325.8
412.38
514.98
635.67
773.28
928.53
1103.4
1287
1484.1
1683
1881
2068.2
2238.3
2373.3
2476.8
2509.2
2511
2448
2277
2070
1791
1440
1053
630
180
-270
-684
-1044
-1341
-1584
-1701
-1728
-1656
-1467
-1197
-864
-441
9
468
927
1368
1764
2115
2376
2574
2727
2754
2754
2698.2
2556
2403.9
2212.2
2005.2
1787.4
1570.5
1358.1
1161.9
976.5
811.53
665.1
538.29
430.2
339.21
264.78
203.85
155.07
116.451
86.751
63.693
46.242
33.21
23.562
16.5393
11.4777
7.8768
5.3469
3.5856
2.38221
1.56384
1.01565
0.46053
2.17656
0.56448
0.8784
1.35234
2.05911
3.10239
4.6179
6.8076
9.9153
14.2839
20.3544
28.674
39.924
54.972
74.817
100.674
133.821
175.86
228.51
292.77
370.98
464.67
574.29
699.39
844.2
1003.5
1174.5
1358.1
1548.9
1739.7
1924.2
2093.4
2243.7
2347.2
2448
2452.5
2430
2358
2205
2025
1746
1467
1152
801
459
144
-144
-396
-540
-630
-666
-558
-423
-207
99
423
774
1143
1521
1863
2151
2394
2574
2727
2772
2772
2727
2604.6
2477.7
2295
2098.8
1888.2
1675.8
1465.2
1262.7
1073.7
900.9
746.01
610.65
492.75
392.76
309.6
240.93
184.95
140.805
105.804
78.435
57.555
41.76
29.952
21.2328
14.8968
10.3284
7.0812
4.7997
3.2229
2.13624
1.40238
0.91026
0.40257
1.93059
0.49626
0.77247
1.18998
1.81224
2.73051
4.0707
5.9967
8.7435
12.6018
17.9712
25.3089
35.307
48.627
66.231
89.172
118.746
156.132
202.86
260.91
330.93
414.81
513.54
627.66
758.97
902.25
1062.9
1233.9
1411.2
1592.1
1770.3
1940.4
2091.6
2222.1
2322
2371.5
2398.5
2349
2286
2142
1989
1791
1530
1287
1035
828
603
432
306
252
261
324
459
639
855
1143
1413
1701
1962
2214
2403
2592
2727
2754
2772
2718
2648.7
2513.7
2349.9
2169
1967.4
1761.3
1554.3
1351.8
1161
984.6
824.13
678.33
554.4
446.67
355.32
279.36
216.99
166.86
126.441
94.734
70.326
51.543
37.359
26.757
18.9756
13.2795
9.2043
6.3081
4.2768
2.86488
1.90089
1.24614
0.80829
0.34911
1.69578
0.432126
0.67293
1.03635
1.57923
2.38185
3.54798
5.2362
7.6338
11.0115
15.7023
22.1598
30.897
42.606
58.086
78.345
104.247
137.421
178.92
229.86
292.32
367.2
455.49
558.45
674.46
807.84
952.2
1107.9
1272.6
1443.6
1612.8
1779.3
1933.2
2067.3
2183.4
2264.4
2309.4
2329.2
2295
2232
2115
1980
1845
1656
1494
1314
1170
1044
990
945
954
1017
1134
1269
1467
1665
1872
2070
2286
2448
2610
2700
2727
2754
2727
2648.7
2530.8
2377.8
2211.3
2022.3
1824.3
1625.4
1424.7
1235.7
1057.5
892.8
743.76
614.07
499.05
401.13
318.6
250.02
193.95
148.5
112.563
84.429
62.451
45.729
33.111
23.697
16.767
11.7441
8.1288
5.5665
3.7683
2.52675
1.67211
1.09683
0.71127
0.29961
1.47492
0.372438
0.58041
0.89433
1.36386
2.05515
3.06855
4.5243
6.6024
9.5292
13.6017
19.1988
26.7885
36.99
50.454
68.094
90.774
119.799
155.961
200.97
255.78
321.93
399.87
491.22
595.62
714.33
843.39
987.3
1137.6
1295.1
1456.2
1612.8
1764.9
1903.5
2024.1
2124.9
2192.4
2248.2
2231.1
2239.2
2187
2115
1989
1908
1791
1692
1584
1521
1476
1458
1476
1539
1629
1746
1890
2034
2178
2358
2466
2592
2646
2709
2718
2698.2
2604.6
2513.7
2377.8
2224.8
2050.2
1863
1673.1
1480.5
1294.2
1118.7
952.2
802.35
666.72
548.01
444.69
356.76
282.78
221.49
171.36
131.382
99.297
74.313
54.936
40.203
29.061
20.7819
14.6997
10.2798
7.1118
4.8654
3.294
2.20365
1.46061
0.95625
0.61974
0.255546
1.2701
0.318078
0.49554
0.7641
1.16541
1.75806
2.62467
3.8718
5.6556
8.1675
11.6622
16.4763
23.0049
31.797
43.398
58.626
78.273
103.329
134.901
173.88
221.85
279.36
347.85
428.4
520.47
625.77
740.97
870.93
1006.2
1152
1298.7
1448.1
1593
1730.7
1855.8
1963.8
2058.3
2112.3
2162.7
2188.8
2155.5
2150.1
2106
2052
1980
1908
1890
1845
1809
1827
1836
1899
1962
2070
2169
2268
2403
2475
2547
2628
2655
2672.1
2614.5
2556
2477.7
2349.9
2211.3
2050.2
1875.6
1697.4
1514.7
1335.6
1162.8
1001.7
848.7
713.97
591.39
484.92
392.4
314.37
248.58
194.13
150.39
114.885
86.742
64.818
47.88
34.983
25.254
18.0576
12.753
8.9136
6.1614
4.212
2.84958
1.90539
1.26126
0.82566
0.53487
0.21582
1.0827
0.268803
0.419382
0.64665
0.98658
1.48923
2.22354
3.28356
4.7979
6.9318
9.9072
14.0004
19.5831
27.0531
36.99
50.013
66.825
88.299
115.47
149.103
190.26
240.39
299.79
369.45
450.54
542.34
645.66
758.34
881.55
1012.5
1146.6
1287
1421.1
1555.2
1680.3
1792.8
1890
1973.7
2037.6
2074.5
2108.7
2112.3
2110.5
2082.6
2079
2052
2016
2007
2007
2034
2061
2124
2169
2232
2304
2385
2439
2502
2574
2577.6
2569.5
2533.5
2489.4
2403.9
2295
2169
2022.3
1863
1697.4
1528.2
1354.5
1192.5
1034.1
884.7
749.34
627.57
519.3
424.35
342.99
273.87
216.18
169.02
130.401
99.396
75.06
56.007
41.31
30.15
21.7665
15.5313
10.9638
7.6563
5.2893
3.6117
2.44161
1.63269
1.07946
0.70641
0.45738
0.180666
0.91422
0.225135
0.351144
0.54171
0.82692
1.24875
1.86588
2.75688
4.0293
5.8266
8.3313
11.7837
16.497
22.8006
31.23
42.219
56.538
74.781
97.794
126.558
161.919
204.66
255.69
316.08
386.1
465.84
556.47
654.57
765.36
880.83
1001.7
1126.8
1255.5
1378.8
1499.4
1613.7
1715.4
1805.4
1882.8
1944
1989.9
2023.2
2047.5
2061
2055.6
2069.1
2084.4
2079
2097
2124
2151
2187
2232
2286
2349
2385
2435.4
2465.1
2460.6
2456.1
2431.8
2381.4
2307.6
2212.2
2098.8
1967.4
1824.3
1673.1
1514.7
1354.5
1200.6
1049.4
907.2
774.36
655.65
546.48
451.08
367.83
296.64
236.52
186.48
145.35
111.942
85.311
64.287
47.898
35.334
25.722
18.5679
13.2273
9.333
6.5124
4.4919
3.0672
2.07243
1.38384
0.91503
0.59832
0.387
0.149985
0.764046
0.186642
0.291285
0.449505
0.6867
1.03725
1.54971
2.29347
3.35178
4.851
6.9417
9.8253
13.7547
19.0503
26.0829
35.352
47.34
62.694
82.125
106.398
136.287
172.467
216.09
267.57
327.42
396.36
473.94
560.52
656.19
757.53
866.43
980.1
1094.4
1210.5
1324.8
1431.9
1534.5
1629
1710
1783.8
1844.1
1897.2
1935.9
1963.8
1998.9
2021.4
2034.9
2074.5
2078.1
2124.9
2140.2
2197.8
2212.2
2259.9
2285.1
2326.5
2331.9
2331
2329.2
2301.3
2251.8
2189.7
2104.2
2005.2
1888.2
1761.3
1625.4
1480.5
1335.6
1192.5
1049.4
914.4
789.48
671.13
565.47
470.88
387.54
315.72
253.89
202.05
159.12
123.66
95.175
72.459
54.549
40.599
29.88
21.7701
15.6726
11.1645
7.8678
5.4846
3.7818
2.58246
1.74114
1.1628
0.76806
0.50175
0.324702
0.123534
0.632367
0.153225
0.239202
0.369405
0.56421
0.85311
1.27521
1.88766
2.76138
3.9978
5.7249
8.1108
11.3634
15.75
21.5928
29.268
39.24
52.074
68.274
88.587
113.544
144.216
180.72
224.19
275.13
333.45
400.32
474.66
556.56
646.29
739.8
841.95
945
1049.4
1152
1254.6
1352.7
1445.4
1530
1607.4
1676.7
1734.3
1790.1
1833.3
1875.6
1905.3
1951.2
1967.4
2000.7
2040.3
2065.5
2097.9
2119.5
2148.3
2177.1
2171.7
2181.6
2168.1
2146.5
2102.4
2048.4
1974.6
1887.3
1787.4
1675.8
1554.3
1424.7
1294.2
1162.8
1034.1
907.2
789.48
676.8
575.28
483.39
401.4
330.03
267.75
215.1
171
134.199
104.382
80.172
60.93
45.792
34.056
25.029
18.2088
13.1022
9.3285
6.5682
4.5747
3.1518
2.1492
1.44846
0.96705
0.63828
0.41706
0.269388
0.100701
0.518175
0.124578
0.194526
0.300501
0.459531
0.69462
1.03941
1.53846
2.25306
3.26322
4.6773
6.6294
9.297
12.897
17.6976
24.003
32.256
42.786
56.205
73.017
93.807
119.124
149.733
186.12
228.6
278.1
334.17
397.62
467.64
544.14
626.85
713.7
804.33
897.3
992.7
1086.3
1178.1
1264.5
1347.3
1425.6
1496.7
1559.7
1620
1672.2
1717.2
1761.3
1800
1836
1869.3
1901.7
1928.7
1956.6
1976.4
1992.6
2001.6
2002.5
1990.8
1971
1936.8
1888.2
1827.9
1753.2
1667.7
1570.5
1465.2
1351.8
1235.7
1118.7
1001.7
884.7
774.36
671.13
575.28
487.62
408.42
338.67
277.38
224.91
180.45
143.127
112.194
87.084
66.816
50.715
38.088
28.251
20.7819
15.0939
10.8513
7.7166
5.4279
3.7773
2.60208
1.77201
1.19439
0.79623
0.52551
0.342945
0.221598
0.081486
0.420408
0.100287
0.156645
0.242181
0.370305
0.56016
0.83853
1.24236
1.81962
2.6388
3.78243
5.3667
7.5321
10.4571
14.3559
19.5219
26.2098
34.866
45.819
59.607
76.707
97.47
122.967
152.784
188.37
229.5
276.57
329.67
388.98
453.78
524.79
598.68
678.69
760.59
842.4
926.1
1010.7
1090.8
1169.1
1242.9
1312.2
1377.9
1437.3
1492.2
1540.8
1586.7
1628.1
1665
1700.1
1729.8
1755.9
1776.6
1793.7
1802.7
1805.4
1798.2
1780.2
1754.1
1716.3
1665
1602.9
1532.7
1449
1358.1
1262.7
1161
1057.5
952.2
848.7
749.34
655.65
565.47
483.39
408.42
341.64
282.6
231.21
187.11
149.94
118.404
92.943
71.955
55.134
41.805
31.329
23.274
17.0604
12.3885
8.8965
6.3189
4.4424
3.0906
2.12517
1.44738
0.97461
0.64953
0.42822
0.279405
0.180315
0.065322
0.337725
0.079929
0.12492
0.193167
0.295605
0.447354
0.67023
0.99297
1.45584
2.11131
3.03084
4.302
6.0408
8.397
11.5353
15.696
21.1095
28.08
36.99
48.159
62.037
79.101
99.639
124.398
153.513
187.29
226.26
270.36
319.95
374.58
433.8
497.7
565.47
635.13
707.94
783.45
855.9
928.8
999.9
1069.2
1134.9
1194.3
1254.6
1306.8
1355.4
1402.2
1443.6
1478.7
1512
1539
1563.3
1580.4
1593.9
1596.6
1594.8
1584
1564.2
1534.5
1494
1442.7
1386.9
1316.7
1241.1
1161.9
1073.7
984.6
892.8
802.35
713.97
627.57
546.48
470.88
401.4
338.67
282.6
233.1
190.44
153.9
122.886
97.272
76.032
58.815
45.018
34.083
25.542
18.918
13.8645
10.062
7.218
5.1255
3.6
2.50182
1.72008
1.17009
0.78759
0.52434
0.345771
0.225423
0.145395
0.051921
0.268578
0.0631035
0.098649
0.152559
0.233613
0.353763
0.5301
0.78597
1.15299
1.67328
2.4039
3.41262
4.8006
6.6735
9.1827
12.5001
16.8264
22.4388
29.556
38.538
49.725
63.486
80.145
100.098
123.921
151.353
183.51
219.6
260.55
305.46
355.32
408.6
465.57
525.42
587.52
651.33
714.06
780.93
844.2
903.6
965.7
1020.6
1074.6
1124.1
1172.7
1214.1
1252.8
1287
1319.4
1343.7
1363.5
1378.8
1386.9
1388.7
1384.2
1369.8
1348.2
1316.7
1279.8
1232.1
1178.1
1115.1
1050.3
976.5
900.9
824.13
743.76
666.72
591.39
519.3
451.08
387.54
330.03
277.38
231.21
190.44
155.52
125.217
99.936
78.912
61.614
47.619
36.405
27.531
20.5938
15.2541
11.1663
8.091
5.8014
4.1139
2.88873
2.0043
1.37772
0.93654
0.62991
0.41931
0.276237
0.179892
0.116046
0.040887
0.211509
0.0493029
0.077121
0.119349
0.18279
0.277011
0.415206
0.61614
0.90423
1.31373
1.88658
2.68407
3.7755
5.2524
7.2369
9.8532
13.293
17.7201
23.3739
30.546
39.438
50.427
63.765
79.785
98.874
121.14
147.024
176.4
209.61
246.87
287.46
331.83
379.26
429.12
482.13
534.78
591.93
646.38
699.21
756.63
808.2
860.4
908.1
954.9
996.3
1035.9
1070.1
1102.5
1128.6
1149.3
1170
1179
1187.1
1186.2
1178.1
1165.5
1143.9
1116.9
1079.1
1037.7
988.2
935.1
873
811.53
746.01
678.33
614.07
548.01
484.92
424.35
367.83
315.72
267.75
224.91
187.11
153.9
125.217
100.8
80.361
63.36
49.41
38.142
29.106
22.005
16.443
12.1527
8.9001
6.4404
4.6152
3.2706
2.2932
1.59192
1.0926
0.74232
0.49896
0.332064
0.218385
0.14229
0.091737
0.0319095
0.164889
0.0381447
0.0597141
0.092457
0.14166
0.214614
0.322317
0.477963
0.70236
1.02051
1.46727
2.08908
2.93841
4.095
5.6439
7.6986
10.3869
13.8636
18.3276
23.9463
30.987
39.663
50.238
62.973
78.129
95.913
116.685
140.193
167.22
197.19
230.31
266.31
305.19
346.77
390.15
435.24
481.95
528.39
575.55
623.07
667.71
712.71
753.12
794.7
832.5
865.8
898.2
925.2
949.5
968.4
983.7
992.7
997.2
995.4
988.2
973.8
954.9
927.9
895.5
858.6
815.22
769.41
717.21
665.1
610.65
554.4
499.05
444.69
392.4
342.99
296.64
253.89
215.1
180.45
149.94
122.886
99.936
80.361
63.936
50.346
39.231
30.231
23.067
17.3961
12.996
9.6021
7.0182
5.0778
3.6324
2.57382
1.80261
1.25046
0.85797
0.5823
0.3915
0.259974
0.171198
0.111411
0.071766
0.0246789
0.127293
0.0292329
0.0457722
0.070884
0.108657
0.164826
0.247365
0.367479
0.54009
0.78516
1.13004
1.60893
2.2662
3.16044
4.3596
5.949
8.0388
10.7415
14.2083
18.5976
24.0912
30.888
39.159
49.185
61.128
75.213
91.512
110.484
131.67
155.727
182.52
211.41
243.18
276.75
312.48
349.65
387.99
427.14
466.92
505.17
545.85
581.49
619.02
653.22
684.99
715.5
741.33
765.9
786.6
802.8
815.4
821.7
826.2
823.5
815.4
802.8
784.53
762.3
733.59
700.92
666.72
624.42
583.2
538.29
492.75
446.67
401.13
356.76
314.37
273.87
236.52
202.05
171
143.127
118.404
97.272
78.912
63.36
50.346
39.6
30.798
23.724
18.0711
13.6215
10.1637
7.5015
5.4801
3.9591
2.8314
2.00475
1.40364
0.97236
0.66681
0.45252
0.303876
0.201852
0.132705
0.086337
0.055593
0.0189135
0.0972783
0.022185
0.0347292
0.053829
0.082566
0.12528
0.188082
0.279639
0.411003
0.59823
0.86139
1.22724
1.73052
2.41497
3.33369
4.5558
6.1587
8.2386
10.9098
14.2956
18.5481
23.7852
30.249
38.016
47.331
58.311
71.181
85.869
102.816
121.851
142.839
166.14
191.43
218.34
247.32
277.29
308.7
340.74
373.14
405.72
438.12
469.89
499.95
528.84
557.19
581.22
603.99
624.69
641.16
654.84
662.31
671.13
671.31
670.14
662.76
651.69
637.29
616.32
593.01
566.01
535.14
501.84
466.83
430.2
392.76
355.32
318.6
282.78
248.58
216.18
186.48
159.12
134.199
112.194
92.943
76.032
61.614
49.41
39.231
30.798
23.958
18.4095
14.0139
10.5552
7.8687
5.8023
4.2336
3.0591
2.1861
1.54521
1.08135
0.74871
0.51318
0.348093
0.233316
0.155043
0.10188
0.066267
0.0426501
0.0143739
0.0736074
0.0166635
0.0260937
0.0404811
0.0620892
0.094266
0.141705
0.210501
0.31005
0.451125
0.65007
0.92709
1.3077
1.82745
2.52351
3.45159
4.6701
6.2568
8.2926
10.8819
14.1228
18.1638
23.1003
29.088
36.27
44.757
54.711
66.195
79.371
94.104
110.826
129.123
148.86
170.55
193.32
217.35
242.73
268.38
294.93
321.21
347.76
373.5
398.52
422.55
445.32
465.84
484.38
501.66
515.07
525.15
534.96
537.84
540.36
537.75
531
522
508.77
491.94
472.41
449.82
424.62
397.53
369.18
339.21
309.6
279.36
250.02
221.49
194.13
169.02
145.35
123.66
104.382
87.084
71.955
58.815
47.619
38.142
30.231
23.724
18.4095
14.1516
10.7577
8.0964
6.0273
4.4415
3.2382
2.33793
1.66815
1.17954
0.82476
0.57078
0.39096
0.26469
0.177741
0.117891
0.077454
0.050346
0.0323586
0.0108207
0.0551457
0.0123903
0.0194229
0.0301194
0.0462474
0.070245
0.105597
0.15714
0.231237
0.337005
0.48591
0.69336
0.97902
1.368
1.89225
2.58975
3.50928
4.7043
6.2415
8.1972
10.656
13.7133
17.4708
22.0239
27.522
33.984
41.625
50.463
60.588
72.027
84.906
99.108
114.723
131.481
149.58
168.48
188.55
208.98
230.04
251.46
272.34
293.31
313.56
333
351.09
368.19
383.49
396.63
407.79
416.7
423.18
426.6
427.41
425.16
420.03
411.93
401.04
387.54
371.25
352.89
332.73
311.22
288
264.78
240.93
216.99
193.95
171.36
150.39
130.401
111.942
95.175
80.172
66.816
55.134
45.018
36.405
29.106
23.067
18.0711
14.0139
10.7577
8.1738
6.1443
4.5711
3.3669
2.45367
1.76832
1.26189
0.891
0.62271
0.43074
0.294723
0.199692
0.133803
0.088767
0.058275
0.037845
0.0243432
0.0080667
0.0408996
0.009126
0.0143091
0.0222057
0.0340911
0.0518247
0.077931
0.116028
0.170901
0.249165
0.359541
0.51318
0.72531
1.01448
1.40382
1.92447
2.60829
3.49848
4.6503
6.1128
7.956
10.2519
13.0752
16.5159
20.6388
25.56
31.356
38.052
45.774
54.54
64.377
75.267
87.363
100.323
114.165
129.312
144.54
160.92
177.3
193.86
210.96
227.25
243.54
258.93
273.6
287.01
299.07
309.69
318.78
325.8
330.57
333.36
333.72
331.92
327.6
320.94
312.03
300.96
288.27
273.51
257.67
240.12
222.39
203.85
184.95
166.86
148.5
131.382
114.885
99.396
85.311
72.459
60.93
50.715
41.805
34.083
27.531
22.005
17.3961
13.6215
10.5552
8.0964
6.1443
4.6134
3.4317
2.52387
1.8369
1.32426
0.94428
0.66636
0.46539
0.321525
0.219987
0.14895
0.099774
0.06615
0.0433872
0.0281844
0.0181134
0.005958
0.0300366
0.0066528
0.0104355
0.0162063
0.0248913
0.0378531
0.0569628
0.084852
0.125046
0.18243
0.263304
0.376398
0.53226
0.74475
1.03176
1.41498
1.91925
2.57949
3.42828
4.5135
5.8815
7.5852
9.6903
12.2472
15.3414
19.0251
23.3478
28.404
34.2
40.86
48.276
56.601
65.727
75.672
86.391
97.686
109.773
122.121
135.135
148.05
161.1
174.06
186.66
198.72
210.15
220.86
230.31
238.86
245.61
250.92
254.97
256.86
257.22
255.51
251.91
246.87
239.67
231.03
220.77
209.25
196.83
183.33
169.47
155.07
140.805
126.441
112.563
99.297
86.742
75.06
64.287
54.549
45.792
38.088
31.329
25.542
20.5938
16.443
12.996
10.1637
7.8687
6.0273
4.5711
3.4317
2.54736
1.87416
1.36314
0.98136
0.69939
0.49329
0.34434
0.237933
0.162567
0.109998
0.073638
0.048807
0.0320076
0.0207801
0.0133434
0.0043632
0.0218358
0.0048033
0.00753849
0.0117045
0.0179946
0.0273726
0.0412191
0.0614034
0.090585
0.132156
0.191052
0.27306
0.386433
0.54117
0.75042
1.02996
1.39914
1.88001
2.50497
3.29859
4.302
5.5566
7.1064
8.991
11.2851
13.9896
17.2323
20.961
25.326
30.24
35.829
42.075
48.924
56.448
64.575
73.098
82.458
91.692
101.754
111.411
121.743
131.58
141.3
150.75
159.57
167.67
175.14
181.53
186.84
191.07
193.95
195.48
195.48
194.22
191.61
187.2
181.8
174.96
167.04
158.4
148.59
138.15
127.773
116.451
105.804
94.734
84.429
74.313
64.818
56.007
47.898
40.599
34.056
28.251
23.274
18.918
15.2541
12.1527
9.6021
7.5015
5.8023
4.4415
3.3669
2.52387
1.87416
1.37646
1.00062
0.71991
0.51273
0.36135
0.252054
0.173943
0.118917
0.080397
0.053811
0.0356301
0.023364
0.0151551
0.0097335
0.0031608
0.0157195
0.0034335
0.00538767
0.0083754
0.0128763
0.0196074
0.0295182
0.0440271
0.064953
0.094878
0.137178
0.196155
0.277983
0.38952
0.54054
0.74214
1.00908
1.35756
1.81035
2.38491
3.11589
4.0284
5.1561
6.5385
8.2053
10.1997
12.5685
15.327
18.4986
22.1769
26.316
30.906
36.054
41.634
47.682
54.153
60.993
68.202
75.474
83.25
90.63
98.289
105.813
112.572
119.79
125.703
131.445
136.35
140.31
143.64
145.71
146.88
146.79
145.98
143.64
140.22
136.305
130.833
125.1
118.062
110.763
103.149
94.815
86.751
78.435
70.326
62.451
54.936
47.88
41.31
35.334
29.88
25.029
20.7819
17.0604
13.8645
11.1663
8.9001
7.0182
5.4801
4.2336
3.2382
2.45367
1.8369
1.36314
1.00062
0.72702
0.52263
0.37224
0.262098
0.182763
0.126063
0.086094
0.058185
0.0389088
0.025776
0.0168795
0.0109503
0.0070254
0.0022725
0.0112018
0.0024291
0.00381519
0.00592956
0.009126
0.0138924
0.0209466
0.0312327
0.0461223
0.06741
0.097479
0.139545
0.197838
0.277497
0.3852
0.52965
0.72045
0.97056
1.2942
1.70847
2.23407
2.89044
3.7062
4.7016
5.9103
7.3548
9.0711
11.079
13.4046
16.0839
19.0908
22.4991
26.235
30.366
34.848
39.645
44.712
50.04
55.53
61.191
66.852
72.576
77.994
83.466
88.551
93.069
97.389
101.106
104.22
106.299
108.135
108.72
108.945
108.009
106.38
103.896
100.809
96.759
92.151
87.246
81.657
75.861
69.804
63.693
57.555
51.543
45.729
40.203
34.983
30.15
25.722
21.7701
18.2088
15.0939
12.3885
10.062
8.091
6.4404
5.0778
3.9591
3.0591
2.33793
1.76832
1.32426
0.98136
0.71991
0.52263
0.37584
0.267273
0.188037
0.131058
0.090405
0.061686
0.0416664
0.0278712
0.0184365
0.012078
0.0078264
0.00502209
0.00161478
0.00790434
0.00170217
0.00267345
0.00415953
0.00639963
0.0097533
0.0147051
0.0219501
0.0324225
0.0474138
0.068625
0.098307
0.139392
0.195696
0.271989
0.374013
0.5094
0.68679
0.91656
1.21068
1.58562
2.05254
2.63421
3.3471
4.2102
5.2488
6.4827
7.9254
9.603
11.5335
13.7214
16.1757
18.9099
21.9285
25.173
28.665
32.4
36.315
40.356
44.505
48.699
52.893
56.97
60.948
64.692
68.193
71.298
74.061
76.266
78.012
79.263
79.794
79.803
79.182
77.841
76.014
73.602
70.695
67.302
63.558
59.472
55.197
50.742
46.242
41.76
37.359
33.111
29.061
25.254
21.7665
18.5679
15.6726
13.1022
10.8513
8.8965
7.218
5.8014
4.6152
3.6324
2.8314
2.1861
1.66815
1.26189
0.94428
0.69939
0.51273
0.37224
0.267273
0.189918
0.133659
0.093096
0.064161
0.043767
0.0295587
0.0197487
0.0130635
0.00855
0.0055413
0.00355158
0.00113931
0.0055215
0.00118062
0.00185607
0.00288612
0.00444681
0.00677538
0.0102231
0.015264
0.0225711
0.033003
0.0478062
0.068535
0.097263
0.136575
0.190053
0.26145
0.356418
0.48096
0.64242
0.84987
1.11294
1.44387
1.85364
2.35791
2.97162
3.708
4.5801
5.6106
6.8076
8.1837
9.7479
11.5164
13.4757
15.6312
17.9856
20.5209
23.22
26.037
28.98
32.013
35.073
38.097
41.13
44.001
46.764
49.284
51.57
53.568
55.215
56.466
57.33
57.735
57.717
57.222
56.295
54.936
53.163
50.994
48.555
45.792
42.849
39.69
36.468
33.21
29.952
26.757
23.697
20.7819
18.0576
15.5313
13.2273
11.1645
9.3285
7.7166
6.3189
5.1255
4.1139
3.2706
2.57382
2.00475
1.54521
1.17954
0.891
0.66636
0.49329
0.36135
0.262098
0.188037
0.133659
0.093996
0.065421
0.045054
0.0307305
0.0207351
0.0138537
0.0091584
0.0059931
0.00388044
0.0024894
0.00079443
0.0038187
0.000810648
0.00127476
0.00198477
0.00305667
0.00466209
0.00703746
0.0105129
0.015552
0.0227556
0.0329814
0.0473022
0.067185
0.094419
0.131436
0.180936
0.24705
0.333441
0.44577
0.59031
0.77373
1.0044
1.29105
1.64484
2.0736
2.5893
3.20643
3.9303
4.7745
5.7465
6.8553
8.1054
9.4968
11.0367
12.7071
14.5242
16.434
18.4806
20.5848
22.752
24.93
27.162
29.286
31.392
33.363
35.226
36.855
38.304
39.465
40.41
40.986
41.319
41.247
40.923
40.212
39.231
37.926
36.396
34.587
32.616
30.447
28.233
25.902
23.562
21.2328
18.9756
16.767
14.6997
12.753
10.9638
9.333
7.8678
6.5682
5.4279
4.4424
3.6
2.88873
2.2932
1.80261
1.40364
1.08135
0.82476
0.62271
0.46539
0.34434
0.252054
0.182763
0.131058
0.093096
0.065421
0.045504
0.031329
0.0213669
0.0144081
0.0096201
0.0063567
0.00415899
0.00269298
0.00172494
0.00054927
0.00261468
0.000551313
0.000867213
0.00135027
0.00208107
0.00317619
0.00479322
0.00716886
0.0106056
0.0155394
0.022518
0.0323262
0.0459378
0.064602
0.089964
0.12402
0.169434
0.228663
0.306315
0.405765
0.53235
0.69174
0.89037
1.13481
1.43172
1.79235
2.21958
2.72322
3.3138
3.9924
4.7682
5.6448
6.6231
7.704
8.8857
10.1538
11.5263
12.9546
14.4468
15.9903
17.5608
19.1106
20.6595
22.149
23.544
24.858
26.037
27.063
27.9
28.53
28.98
29.169
29.151
28.881
28.395
27.693
26.766
25.641
24.363
22.968
21.4515
19.8396
18.1998
16.5393
14.8968
13.2795
11.7441
10.2798
8.9136
7.6563
6.5124
5.4846
4.5747
3.7773
3.0906
2.50182
2.0043
1.59192
1.25046
0.97236
0.74871
0.57078
0.43074
0.321525
0.237933
0.173943
0.126063
0.090405
0.064161
0.045054
0.031329
0.0215784
0.0146925
0.009909
0.0066114
0.00436914
0.00285543
0.00184815
0.00118404
0.000375948
0.00177258
0.000371061
0.000584001
0.000909738
0.00140265
0.00214119
0.00323424
0.00483876
0.00716067
0.0104958
0.0152316
0.0218619
0.0310995
0.0437643
0.060993
0.084141
0.11493
0.155457
0.208233
0.276066
0.362583
0.47169
0.6075
0.77499
0.97947
1.22616
1.52028
1.86894
2.27394
2.74518
3.2805
3.8889
4.5666
5.3208
6.1416
7.0299
7.9821
8.9847
10.0296
11.1177
12.1977
13.3101
14.3874
15.4179
16.4286
17.3538
18.1647
18.8883
19.4697
19.9539
20.2338
20.3877
20.3508
20.1789
19.8117
19.3113
18.6417
17.8668
16.9866
15.9759
14.9004
13.7961
12.6315
11.4777
10.3284
9.2043
8.1288
7.1118
6.1614
5.2893
4.4919
3.7818
3.1518
2.60208
2.12517
1.72008
1.37772
1.0926
0.85797
0.66681
0.51318
0.39096
0.294723
0.219987
0.162567
0.118917
0.086094
0.061686
0.043767
0.0307305
0.0213669
0.0146925
0.0100044
0.0067437
0.00449703
0.00297099
0.00194139
0.00125604
0.00080424
0.000254817
0.00118966
0.000247356
0.000389349
0.000606843
0.000936063
0.00142947
0.00216117
0.00323217
0.00478854
0.00702126
0.0101925
0.0146448
0.0208431
0.0293391
0.0409239
0.0564894
0.077238
0.104544
0.140148
0.185895
0.244557
0.318105
0.410283
0.52398
0.66249
0.83043
1.03104
1.26792
1.54548
1.86759
2.2338
2.65176
3.1176
3.6333
4.1976
4.8123
5.4684
6.1632
6.8877
7.6338
8.3952
9.1575
9.8982
10.6452
11.3202
11.9592
12.5451
13.0329
13.4586
13.7619
13.9644
14.0724
14.0544
13.9059
13.6746
13.3119
12.8601
12.3192
11.6757
10.9998
10.2528
9.4752
8.6787
7.8768
7.0812
6.3081
5.5665
4.8654
4.212
3.6117
3.0672
2.58246
2.1492
1.77201
1.44738
1.17009
0.93654
0.74232
0.5823
0.45252
0.348093
0.26469
0.199692
0.14895
0.109998
0.080397
0.058185
0.0416664
0.0295587
0.0207351
0.0144081
0.009909
0.0067437
0.00454212
0.00303066
0.00199962
0.00130662
0.0008451
0.000540846
0.00017118
0.00079047
0.000163179
0.00025704
0.000400635
0.000618453
0.00094464
0.00142857
0.00213921
0.00316818
0.00465102
0.00675306
0.0097083
0.0138231
0.0194832
0.0271782
0.0375579
0.0513648
0.069597
0.093339
0.124029
0.162972
0.212661
0.274203
0.350406
0.44388
0.55665
0.69165
0.85167
1.03851
1.25649
1.50498
1.78686
2.10393
2.45511
2.84058
3.2607
3.7035
4.1814
4.6737
5.1885
5.7087
6.2298
6.7473
7.2441
7.7166
8.1594
8.5527
8.8956
9.1782
9.3933
9.5355
9.5976
9.585
9.4941
9.3213
9.0765
8.7606
8.3862
7.9551
7.479
6.9732
6.4404
5.8941
5.3469
4.7997
4.2768
3.7683
3.294
2.84958
2.44161
2.07243
1.74114
1.44846
1.19439
0.97461
0.78759
0.62991
0.49896
0.3915
0.303876
0.233316
0.177741
0.133803
0.099774
0.073638
0.053811
0.0389088
0.0278712
0.0197487
0.0138537
0.0096201
0.0066114
0.00449703
0.00303066
0.00201942
0.00133272
0.00087039
0.000562428
0.000360054
0.000113751
0.000519993
0.000106613
0.000167967
0.000262008
0.000404361
0.000618336
0.00093528
0.00140067
0.00207711
0.00304857
0.00442953
0.00637398
0.0090783
0.0127998
0.0178794
0.0246996
0.0338409
0.0458487
0.061551
0.081828
0.10773
0.140454
0.18135
0.232173
0.293931
0.369234
0.45936
0.56574
0.69111
0.83637
1.00287
1.19295
1.40436
1.64133
1.90089
2.18025
2.48535
2.80278
3.141
3.4848
3.8367
4.1922
4.5396
4.8798
5.2029
5.4999
5.7654
6.0012
6.1929
6.336
6.4341
6.4764
6.4683
6.4017
6.2838
6.1173
5.9022
5.6466
5.355
5.0337
4.6863
4.3272
3.9582
3.5856
3.2229
2.86488
2.52675
2.20365
1.90539
1.63269
1.38384
1.1628
0.96705
0.79623
0.64953
0.52434
0.41931
0.332064
0.259974
0.201852
0.155043
0.117891
0.088767
0.06615
0.048807
0.0356301
0.025776
0.0184365
0.0130635
0.0091584
0.0063567
0.00436914
0.00297099
0.00199962
0.00133272
0.00087912
0.000573723
0.000370989
0.00023724
7.4889e-05
0.00033867
6.89535e-05
0.00010867
0.000169542
0.000261918
0.000400401
0.000606159
0.000908163
0.00134721
0.00197829
0.00287757
0.00413991
0.00590103
0.0083286
0.0116325
0.0160974
0.0220509
0.0298989
0.0401778
0.0534492
0.070416
0.091899
0.118818
0.151992
0.192951
0.242469
0.301707
0.372231
0.45495
0.55116
0.6615
0.78714
0.92817
1.08558
1.25685
1.44666
1.64583
1.86129
2.08404
2.31561
2.55249
2.78757
3.024
3.2499
3.4659
3.6648
3.8475
4.0023
4.1283
4.2282
4.2894
4.3209
4.3101
4.2696
4.1886
4.0752
3.9348
3.7602
3.564
3.3471
3.1176
2.87487
2.62899
2.38221
2.13624
1.90089
1.67211
1.46061
1.26126
1.07946
0.91503
0.76806
0.63828
0.52551
0.42822
0.345771
0.276237
0.218385
0.171198
0.132705
0.10188
0.077454
0.058275
0.0433872
0.0320076
0.023364
0.0168795
0.012078
0.00855
0.0059931
0.00415899
0.00285543
0.00194139
0.00130662
0.00087039
0.000573723
0.000374598
0.00024192
0.00015471
4.88241e-05
0.000218372
4.41504e-05
6.96123e-05
0.000108644
0.000167868
0.000256896
0.000388719
0.000583173
0.000865098
0.00127125
0.00184977
0.00266292
0.00379899
0.00536076
0.0074988
0.0103761
0.0142299
0.0193059
0.025956
0.0345627
0.045567
0.059508
0.076977
0.098631
0.125181
0.157527
0.196119
0.242199
0.296415
0.359145
0.43173
0.51399
0.6066
0.71001
0.82359
0.94698
1.07982
1.22139
1.36899
1.52226
1.6776
1.83591
1.99143
2.14047
2.28411
2.41632
2.53422
2.63889
2.72484
2.78631
2.8323
2.84715
2.8449
2.81331
2.76174
2.68749
2.58912
2.47482
2.34711
2.20347
2.04993
1.89081
1.7271
1.56384
1.40238
1.24614
1.09683
0.95625
0.82566
0.70641
0.59832
0.50175
0.41706
0.342945
0.279405
0.225423
0.179892
0.14229
0.111411
0.086337
0.066267
0.050346
0.037845
0.0281844
0.0207801
0.0151551
0.0109503
0.0078264
0.0055413
0.00388044
0.00269298
0.00184815
0.00125604
0.0008451
0.000562428
0.000370989
0.00024192
0.00015624
9.99e-05
3.15162e-05
0.000139397
2.79837e-05
4.41486e-05
6.89265e-05
0.000106546
0.000163071
0.000247014
0.000370485
0.000550071
0.000808713
0.00117684
0.00169659
0.00241893
0.00341919
0.00478125
0.00662409
0.0090837
0.0123417
0.0166023
0.0221067
0.0291978
0.0381204
0.0493641
0.063333
0.080433
0.10125
0.126225
0.156042
0.19089
0.231867
0.278568
0.332262
0.3924
0.45963
0.53343
0.61389
0.70074
0.79272
0.8892
0.98937
1.09143
1.19493
1.29528
1.39482
1.48707
1.57491
1.65384
1.72107
1.77516
1.81953
1.84509
1.85904
1.85319
1.83573
1.80036
1.74987
1.68714
1.61361
1.52667
1.43379
1.33263
1.22886
1.12239
1.01565
0.91026
0.80829
0.71127
0.61974
0.53487
0.45738
0.387
0.324702
0.269388
0.221598
0.180315
0.145395
0.116046
0.091737
0.071766
0.055593
0.0426501
0.0323586
0.0243432
0.0181134
0.0133434
0.0097335
0.0070254
0.00502209
0.00355158
0.0024894
0.00172494
0.00118404
0.00080424
0.000540846
0.000360054
0.00023724
0.00015471
9.99e-05
6.38532e-05
2.01339e-05
8.81019e-05
5.0643e-06
7.2072e-06
2.24892e-05
3.38985e-05
5.05386e-05
7.45047e-05
0.000108674
0.000156591
0.000223434
0.000315063
0.000439389
0.000606978
0.00082728
0.00111933
0.001494
0.00198
0.0025911
0.0033642
0.0043281
0.0055143
0.0069741
0.0087732
0.0109341
0.0135675
0.0167679
0.0206415
0.025335
0.030996
0.038007
0.046323
0.056718
0.069183
0.084375
0.102726
0.1251
0.151236
0.18279
0.21969
0.26244
0.31131
0.36693
0.42885
0.49689
0.57096
0.64908
0.73125
0.81513
0.8991
0.98136
1.05975
1.13184
1.19583
1.24956
1.29123
1.31967
1.33398
1.33308
1.31805
1.28853
1.24587
1.19133
1.12671
1.05408
0.97524
0.8928
0.80784
0.72369
0.64098
0.56151
0.486756
0.417501
0.354105
0.297252
0.246834
0.202797
0.164844
0.13257
0.105498
0.083061
0.0647253
0.0499032
0.0380673
0.0287352
0.0214677
0.0158679
0.01161
0.00840348
0.00602163
0.0042687
0.00299529
0.00207999
0.0014294
0.000972387
0.000654489
0.000436059
0.000287541
0.000187663
0.000121209
6.46938e-05
8.81739e-05
6.16707e-05
6.63651e-05
6.89301e-05
0.00010906
0.000170862
0.000265102
0.000407351
0.000619866
0.000934083
0.001394
0.00206024
0.0030155
0.00437076
0.00627363
0.00891963
0.0125555
0.0175069
0.0241695
0.0330507
0.0447534
0.0600183
0.0797112
0.104821
0.136547
0.17611
0.224973
0.284562
0.356481
0.44226
0.543294
0.661077
0.796212
0.950292
1.1225
1.31346
1.52174
1.74618
1.98369
2.23182
2.48661
2.74338
2.997
3.24234
3.47292
3.68397
3.86937
4.02408
4.14441
4.22613
4.26717
4.26618
4.22343
4.13955
4.01787
3.86082
3.67353
3.46095
3.22794
2.98134
2.72592
2.46798
2.21211
1.96326
1.72485
1.5003
1.29213
1.10178
0.92979
0.777402
0.642942
0.526725
0.42705
0.342828
0.272457
0.214344
0.16695
0.1287
0.0982341
0.0742212
0.0555102
0.0410949
0.030114
0.0218493
0.0156879
0.0111511
0.00784467
0.00546309
0.00376605
0.00256968
0.00173538
0.00115989
0.000767421
0.000502389
0.00032562
0.000208827
0.000132556
8.32563e-05
5.17626e-05
1.134e-05
4.8024e-05
